Elapsed CPU time (timerEliminationGSL) = 5.43 sec.
Elapsed CPU time (timerSolutionGSL) = 0.01 sec.
Solution x:
    2.9
  -0.79
   0.54
    2.9
  -0.72
  -0.82
  -0.94
    1.7
  -0.41
   -2.7
   -2.5
   0.02
    3.1
  -0.87
   0.45
    3.7
    1.7
   0.58
   0.23
     -1
   -1.1
  -0.84
    1.4
  -0.43
   0.78
  -0.21
   -1.9
  -0.78
   0.63
  -0.13
    2.1
   -2.5
   -2.3
   0.87
  -0.37
  0.068
  -0.27
    2.3
    1.6
   0.59
    1.5
  -0.73
    1.9
   -2.5
   -1.7
   -0.2
   -1.9
     -3
   0.86
  -0.33
    2.3
    3.5
  -0.64
    1.2
  -0.42
   0.33
    1.9
    2.4
   -1.6
   0.29
   0.56
   0.88
    3.9
    0.5
   0.17
    2.9
   -1.9
    2.4
   0.25
  -0.64
   -1.6
    1.5
  0.011
    1.2
    1.3
   -1.1
    2.5
   -2.3
  -0.35
   -3.2
    3.2
  -0.46
      3
  -0.53
   -3.8
    1.6
    2.3
   0.34
  -0.37
    1.6
    1.8
   -1.4
    0.9
   -1.7
    2.9
    1.3
    2.2
      3
    2.9
   -4.7
   -1.2
    3.4
   -6.9
   -1.5
    1.2
  -0.81
   -1.5
   0.18
   0.39
   -1.9
    4.6
   -2.3
    3.5
    1.3
 0.0045
   -3.5
    1.7
   -1.3
  -0.48
   0.42
   -1.9
   -1.2
   -1.7
  -0.85
   -1.6
   0.99
   -1.5
    1.4
    3.4
   -2.2
      1
   0.29
  -0.85
  -0.36
   -0.3
   -1.7
    1.2
   0.74
    1.7
   -4.6
   0.75
   0.94
   -3.8
    2.7
  -0.99
    1.6
   0.22
    1.3
  0.044
   -2.4
   -1.7
   -3.7
  -0.29
   0.93
    1.5
   -1.6
   0.49
  -0.75
    0.3
    1.9
   -2.9
    3.5
 -0.087
   0.46
   -5.7
 -0.012
    1.1
  -0.61
   -5.2
    1.8
    3.8
  -0.77
  -0.91
   0.61
   -0.9
   -3.3
  -0.94
    1.2
   -1.1
     -1
     -1
    1.4
 -0.026
  -0.54
   -2.4
     -3
   -1.8
  -0.84
    1.1
   -1.4
    4.1
   -1.4
    1.5
    2.9
   -1.2
   -0.5
  -0.18
   -2.5
    3.2
   -1.2
    2.8
   -1.9
   0.18
   -0.4
   -1.9
   -1.4
 -0.035
  -0.26
  -0.37
   -2.9
   -3.3
   -1.1
  -0.49
   -1.6
   -2.3
   0.54
  -0.57
    2.4
    1.7
   -1.8
  -0.26
    3.9
   -3.9
    1.4
     -1
   -1.1
    2.2
   -1.4
      3
   0.49
    2.7
     -2
   -4.1
    2.7
  -0.18
 -0.037
   -1.3
    1.9
    3.6
   -1.6
   0.68
   -1.4
    1.8
   0.33
   -2.8
   0.24
   -2.6
    1.2
      1
   0.45
   0.48
   -1.9
    1.5
   -4.7
   -1.3
   -1.9
  -0.27
  -0.19
  -0.93
   0.38
   -1.1
   -1.5
    1.5
    2.3
   -1.2
   0.72
   0.56
    4.7
   -3.4
     -3
   -1.2
    1.3
     -2
    4.2
     -1
    3.4
   0.22
    0.2
   -1.6
  -0.49
   0.75
   -1.8
   0.85
    1.4
      1
   -3.7
   -1.2
   0.65
   0.75
    1.1
    3.8
   -2.5
   0.78
    2.1
    1.1
    0.6
   -1.3
   -3.2
   -1.9
   0.14
   0.29
    2.4
  -0.52
    2.2
    1.7
      5
  -0.33
   -1.8
    3.8
  -0.57
  -0.78
    2.2
    2.7
    1.4
  -0.92
-0.0064
   0.92
   -3.7
   0.56
  -0.15
  -0.25
  -0.73
    2.2
   -1.1
   0.79
   0.48
  -0.39
   -4.5
    2.4
    2.8
    2.5
    1.4
   -1.7
   -2.2
    2.3
   -3.6
  -0.93
   -0.9
   0.78
   -2.3
    1.2
   -3.3
    2.4
   -1.5
   -3.2
  -0.85
   -3.6
   -2.1
    1.6
      4
   0.57
 -0.081
   0.28
    1.8
  -0.16
    2.5
    1.1
    1.3
   -0.7
   -2.6
    3.6
  0.038
  -0.13
    2.7
   -1.3
    1.8
    1.6
   -3.8
    0.6
      2
   -3.8
   -1.4
   -2.7
   -1.2
  -0.61
   0.76
   0.53
   -1.5
   -1.5
  -0.75
  -0.45
    2.5
   0.84
   0.65
   -2.9
   -4.8
   -1.2
   -1.7
  -0.11
    1.2
    1.6
    0.6
   -3.4
     -4
   -2.4
    1.4
   0.65
   -1.2
   -2.5
   -3.5
     -5
   -2.1
    1.7
      1
  -0.96
    1.2
   -1.1
    4.6
    1.3
   0.52
 -0.027
  -0.79
   -1.6
    1.6
   0.79
    4.5
   -2.9
  -0.21
    1.5
   0.83
   -2.4
    2.8
 -0.034
  -0.11
    0.2
   -2.3
   -1.9
   -1.9
   0.38
    2.4
   0.57
  -0.31
    1.7
    2.6
 0.0041
  -0.61
   -2.1
   -0.4
   -5.7
   -2.7
   -2.6
   -1.9
  -0.62
    2.5
   -2.4
   -3.4
   0.63
   -1.8
   -3.1
  -0.42
    1.3
    1.2
    1.1
   0.26
    1.3
    2.5
  -0.84
   -1.2
   0.79
   0.98
  -0.76
    1.1
  0.083
  -0.71
    3.4
   -2.6
   0.85
    2.3
  -0.65
   -1.2
      2
   -1.3
    2.7
    1.2
   0.57
    1.6
    1.1
  -0.37
   -0.3
   -2.4
   0.68
   -1.5
    1.7
  -0.64
   0.89
    1.2
  -0.39
   0.16
   0.86
    1.6
   -1.7
   -2.3
   -1.2
   -1.4
    4.7
   -3.9
     -4
    1.9
  0.087
    3.1
   -1.1
   0.48
  -0.27
    1.7
   -1.5
    0.2
   0.52
   -0.6
    1.2
   -1.3
    1.2
   0.79
    2.1
  0.086
   -2.5
   -4.5
   -3.1
  -0.31
   -6.4
     -3
  -0.93
  -0.58
    2.7
   0.21
   0.32
   -2.9
    1.3
   -5.2
  -0.95
  0.087
   -2.5
   0.13
  -0.33
  -0.59
   0.25
  -0.87
   0.91
  -0.33
   0.83
   -1.7
     -2
   -1.6
     -3
  -0.28
    2.5
   0.96
   -1.5
    2.4
   -1.3
   0.28
   0.75
    1.6
    0.8
   -2.6
    1.7
   0.55
    1.7
  -0.67
    1.4
   -3.8
    1.6
   0.17
   -2.1
    3.1
    6.3
  -0.88
  -0.24
    2.3
    1.8
    2.2
   -2.7
   -2.8
   -1.3
    1.2
     -2
   -2.2
    3.1
   0.34
   -2.6
  -0.52
    1.1
   -2.7
   -0.6
  0.035
   0.47
    2.4
    3.1
    3.4
    1.1
  -0.72
  -0.43
   -1.3
  -0.97
    2.1
   0.87
  -0.53
   0.94
   -1.6
   0.59
   0.65
    1.6
   0.17
  -0.39
    5.7
   -2.5
   -2.2
   0.62
    1.2
    2.9
   -2.2
   -1.4
   -1.5
   -3.5
    2.5
   0.32
   0.87
    2.2
   0.84
    2.1
   -1.6
    2.2
    3.5
    5.2
    1.7
   -1.8
   -1.7
   0.99
 -0.026
    1.4
   0.57
   -1.6
    1.9
    0.8
     -1
   -3.8
    1.7
     -2
    1.9
   0.15
    1.2
   0.63
    1.1
      4
    0.9
    1.5
   -2.9
     -1
  -0.57
   0.28
   -1.3
  -0.19
   0.95
   -3.9
   -1.3
    2.5
   0.25
    1.2
   0.82
    2.3
   -3.9
   -1.3
  -0.45
   -1.9
   -2.7
    2.3
  -0.03
   -1.6
   -2.9
   -3.1
      5
   0.56
     -2
    1.4
   -1.2
   -1.5
  -0.54
   0.71
 -0.026
   -2.2
      1
   -1.4
  -0.25
   -2.1
  -0.24
   -2.9
   -1.8
    3.1
  -0.38
   -2.3
   -1.5
   -1.6
  -0.34
   -1.8
    5.3
    1.5
  -0.35
      2
    2.9
   -2.3
   0.73
    2.2
  -0.78
   -3.4
   0.38
    1.2
   -2.1
    4.5
   -2.7
  -0.37
  -0.39
  -0.29
   -1.2
   0.71
   0.14
    2.4
   -0.3
 0.0076
  -0.61
   0.28
   -2.3
    2.4
     -3
   0.38
    2.4
  0.031
  -0.27
    2.1
   0.65
  -0.35
   -0.2
   0.94
    2.9
     -3
     -3
   -2.3
   0.73
   0.64
   0.67
   -1.6
    1.1
   0.63
    2.1
   0.69
   -2.6
     -4
   0.75
    1.8
 -0.089
   -2.1
    3.5
    3.7
    3.6
    2.8
  -0.19
   -2.5
    1.6
   -2.4
   0.12
   0.53
     -2
   -1.9
   0.97
      4
   -2.1
   -2.3
   -2.3
    1.2
    1.8
    1.2
    4.1
 -0.087
  -0.68
      6
   0.59
   -2.7
   0.84
      2
    2.6
   0.99
   -1.6
    1.8
      2
 -0.076
    1.2
    1.4
      3
  -0.89
  -0.39
    3.3
   -1.9
   0.69
   0.58
   -2.2
  -0.87
   -4.1
  -0.74
    0.6
     -3
   0.51
   -1.8
   -1.4
  -0.75
   -5.1
    1.4
  -0.67
   -5.3
   -4.1
    3.1
    1.3
   0.11
    0.5
    1.2
    1.6
 -0.027
   0.92
  -0.19
    0.4
   0.42
   -1.3
    0.4
  -0.75
    3.4
   -2.4
  -0.43
   -2.2
  -0.75
    0.1
    2.2
   -1.2
    1.7
   -2.3
    2.9
   -1.1
     -6
    1.2
   -3.4
   0.98
   -2.2
   -3.7
    3.7
   -2.4
   0.78
  -0.21
   -0.8
   0.28
  -0.25
  -0.32
    2.4
   -1.7
   -3.6
     -3
   -2.2
      5
    2.4
   -3.9
   -1.3
   -1.4
    1.8
  -0.02
    1.7
    2.5
  -0.82
   0.56
   -3.9
      3
    5.7
      2
     -2
    1.9
    2.6
      2
   -3.7
   -3.7
   -3.5
   -0.1
    1.4
   0.26
    1.2
   0.12
    4.4
    3.3
    2.3
   0.18
      2
   -1.3
    1.7
  -0.46
   -2.4
    1.3
   -1.8
   -2.4
   -1.4
    2.4
    1.7
   -2.8
  -0.04
   -4.1
    2.6
    2.6
   0.21
    1.5
   -2.5
    1.4
    1.4
   -3.3
  -0.19
    3.4
  -0.98
  0.082
   0.11
  -0.38
    1.7
   -1.7
   0.21
   0.99
   0.47
   0.88
   -4.2
    1.1
    2.1
   -1.5
  -0.37
   -2.1
   -2.3
   -2.4
    2.7
    1.4
    0.8
  0.052
   -1.1
   -0.7
    2.2
   0.88
   0.75
   -2.2
   -1.7
   -1.1
    1.5
  -0.69
    2.1
    3.4
  -0.67
   0.39
    1.4
    4.6
    2.1
   -1.2
   0.04
   -1.5
  -0.14
  -0.86
   -1.8
    1.9
   -0.5
    1.7
   0.73
 -0.069
   0.83
  -0.81
  0.065
   0.38
   -6.5
   -1.4
    1.5
   -1.4
    1.9
    1.5
    3.3
      1
   -1.8
   -1.6
   0.79
   -1.7
    1.1
   0.88
   0.21
    1.9
   -2.2
   -1.9
  -0.58
    2.6
    1.6
    2.3
    2.5
  -0.42
    2.9
    2.4
  0.089
   -0.6
   -1.3
  -0.96
   0.55
   0.63
   -5.7
    1.8
   -2.7
  -0.56
   -2.8
  -0.96
    3.2
  -0.32
  -0.44
  -0.91
   -1.4
   -3.3
   -3.1
    1.4
   -1.7
   0.12
   -1.5
     -1
   -2.1
  -0.14
   -3.7
  -0.38
    2.5
  -0.82
    1.4
    0.6
  -0.25
   0.73
    1.8
   -1.1
 -0.018
   -4.9
    1.5
    2.1
   0.99
   -1.3
  -0.37
  -0.26
     -2
  -0.69
   -3.5
    1.2
  -0.96
   0.67
    2.6
  -0.96
    3.5
    1.9
  -0.74
      2
  -0.26
 -0.064
   0.46
  -0.25
    1.6
   -2.4
      2
  -0.98
      2
   0.98
    2.8
   -2.8
   -2.5
   -1.2
  -0.75
   -1.2
    2.1
   0.16
   -1.9
    1.7
     -1
  -0.36
      3
   -1.4
    1.6
   0.31
    3.7
  -0.31
   -1.1
    4.1
   0.83
    2.3
    2.9
    2.3
  -0.22
   0.98
   -1.3
      4
  -0.84
 -0.024
   -2.7
    1.4
    1.2
    1.5
  0.075
    1.7
   -0.8
   0.69
    2.6
   0.52
   0.72
   0.65
   0.28
 -0.058
   0.98
     -3
   -3.6
  -0.35
   0.26
    1.8
   -1.4
   -5.9
   0.66
   -2.9
  0.093
    1.9
   0.09
   -3.7
    3.1
  -0.33
  -0.89
    1.2
   -1.9
   0.37
    1.9
  -0.13
    3.9
    1.5
   -2.5
      2
   0.92
    2.7
   0.85
   -0.9
      2
    2.7
   -3.2
   -1.7
   -2.4
   -2.4
  -0.73
    2.7
 -0.071
   -3.9
    1.3
    1.5
   0.25
    2.6
    3.6
    4.2
   -1.9
   0.91
   -2.9
    2.1
    1.3
   -1.1
   -2.3
  -0.83
   -1.3
   -2.7
   0.95
   -1.4
  -0.51
   -2.4
    1.4
   -2.9
  -0.24
    2.5
   -2.8
   -2.6
  -0.36
   -1.2
 -0.085
     -6
    3.1
    1.1
    2.3
      1
   -1.5
   -2.5
   -2.4
  -0.27
   0.14
   0.27
  -0.11
   0.56
  -0.27
    1.9
   -3.8
    1.3
   0.64
    0.4
   0.28
   -2.2
   -3.4
    3.1
      2
   -1.2
    1.4
    1.7
   -1.7
      3
     -3
  -0.87
   -1.5
    4.1
   -3.6
      1
    3.6
      3
   -0.2
    1.9
    0.5
   -4.9
    3.2
   -0.2
   0.72
   -2.8
   -1.5
    3.7
   0.94
    3.9
   -1.3
    2.1
    1.1
  -0.46
   0.76
-0.00057
    1.1
    3.5
     -1
    1.6
   -1.1
    4.2
  -0.23
    1.2
  -0.36
   -1.5
    0.4
   -3.4
   -1.9
   -2.2
   0.12
     -1
   -2.4
   -1.3
  -0.44
   -7.6
   0.66
  -0.96
  -0.29
   0.48
   0.99
    1.3
   -1.3
     -2
    4.4
   -1.3
  -0.55
    1.9
    1.6
    1.3
  -0.65
   -2.3
  -0.69
   -1.2
    2.4
  -0.17
    2.1
    2.4
    0.6
  -0.51
  -0.13
  -0.91
    1.7
    0.1
 -0.082
   -2.4
    1.1
   -2.6
   -1.3
   0.18
  -0.35
   -2.7
   -5.3
  -0.38
   -2.4
    1.7
   -1.2
  -0.96
    3.7
  -0.57
   -1.7
   -0.8
     -5
     -1
   0.87
  0.088
   0.51
      3
      3
  -0.33
   0.52
  -0.19
  0.017
   0.35
    2.4
   0.94
  -0.17
  0.028
   -3.8
    3.1
   0.99
    1.1
    3.1
    1.5
    1.4
   0.35
   0.85
   -2.9
   -3.6
   -1.4
    3.2
   -3.1
  -0.42
   -3.4
    2.9
    1.4
  -0.98
   0.37
    1.1
    1.5
    2.7
   -1.2
    3.5
  -0.14
   -3.1
    0.3
    2.8
   -0.5
  -0.71
   0.22
    4.9
   -5.6
   0.79
   -2.6
    4.4
   -1.5
   0.71
    1.6
   -3.5
   -1.1
    1.4
   0.61
   0.58
   -2.7
    1.2
   -2.5
    2.9
     -1
   -1.3
  -0.78
  -0.94
    1.9
   -1.2
   -1.6
   -0.7
   -2.4
     -2
     -2
   -2.8
   -1.8
   -3.9
    1.8
   0.96
  -0.59
    2.3
   -1.8
   -2.8
   -1.9
    1.3
   -1.4
    2.3
   -2.1
    1.3
    2.7
   0.73
   0.17
  -0.13
   -2.9
   -1.4
  -0.11
     -1
   -1.1
   -1.5
   -2.4
  -0.39
  -0.58
    2.1
   0.18
    1.2
   -3.3
    2.9
    1.9
  -0.83
  -0.39
   -1.3
   0.84
    4.1
   0.59
    3.8
   -4.5
    2.6
   -2.1
  -0.22
   -2.2
   -1.2
   -1.4
    1.8
    1.3
   -0.6
   -2.3
  0.018
    2.8
   -1.1
   -3.6
    3.1
  -0.57
   -2.4
   -1.7
   -2.2
   -1.3
  -0.73
   -2.6
   0.31
     -1
    0.9
   -1.2
   -1.8
  -0.55
 -0.069
   -4.8
   -2.7
    1.9
   -2.2
   -1.5
   -1.9
   -3.6
   0.38
   0.76
   -1.3
     -1
   0.81
   -1.7
  -0.52
  -0.97
  -0.45
    0.9
   -2.3
    4.5
   -1.4
    2.5
      2
   -1.2
   -1.4
  -0.15
    1.3
   -3.5
   -1.7
   -2.4
  -0.14
   0.83
    1.2
  -0.12
  -0.21
   -1.7
   0.19
   -1.3
   -4.2
      3
    1.5
   -1.3
   0.22
    1.7
    1.3
  -0.38
   -3.8
  -0.99
   0.62
    1.2
    1.8
   -2.6
    2.3
    1.2
    3.2
   -2.8
   0.85
   -2.8
     -2
    1.1
    4.2
   0.46
    1.7
   0.48
   0.93
  -0.39
   -2.7
   -3.2
   -1.7
    2.5
    2.6
    3.7
 -0.072
    2.3
   0.77
  0.037
   -2.1
   -1.7
  -0.66
   -2.5
  -0.65
     -3
   0.31
   -3.4
   -3.7
   0.25
    2.5
  -0.53
    4.8
    4.7
   -3.6
    4.4
      2
  -0.46
   -1.1
   -5.1
   0.95
     -1
   0.15
   -1.6
   0.97
    1.9
      2
  -0.02
   0.38
   -2.1
   0.13
 -0.094
    1.7
   -2.2
   -2.6
    0.8
  -0.32
   0.43
    1.5
    2.4
   -1.4
 -0.048
    3.3
    3.8
      2
   0.67
  -0.54
   0.76
      1
   0.58
    1.4
  -0.51
  -0.59
    2.1
    1.8
    2.2
     -5
   -1.3
   -3.5
    2.9
    1.1
   -1.9
   0.48
    2.4
   0.23
   -1.6
   -2.5
    2.7
  0.079
    0.8
   -1.8
  -0.95
   -1.5
   0.15
   0.18
   -3.2
  -0.18
    2.9
   -3.2
   0.53
   -1.5
   -0.3
   -1.1
 -0.031
      2
    3.3
   0.89
   -1.5
  -0.84
    1.1
   -3.9
     -4
   -1.7
    2.4
   -1.5
    1.6
   -2.9
   -1.1
    2.3
   -1.9
    1.2
   -2.1
    4.5
   -1.9
    1.5
   -1.6
   0.35
    4.9
  0.082
   0.65
    3.1
    5.1
   0.95
   -1.8
     -3
    2.1
    1.3
     -2
   -1.8
   -2.2
  -0.89
  -0.49
   0.33
     -2
   -1.3
    4.2
    1.3
    1.6
   -1.6
   0.16
    1.6
    3.1
   -2.4
      1
    2.1
   -1.4
    1.7
   0.46
    2.2
   -0.4
  -0.63
  -0.12
    2.2
    2.8
   -1.4
   -1.3
    1.2
  -0.78
  -0.92
    1.2
    1.2
    2.1
   -2.7
    1.6
   -1.7
   0.84
   -1.6
   0.98
  -0.72
    2.3
    3.7
    4.9
   0.64
   -1.8
   0.63
    2.6
  -0.43
   0.46
   0.94
    2.2
    3.3
  -0.52
   0.18
   0.27
    1.6
  -0.34
   0.93
   -0.8
    1.6
    3.3
    6.5
    0.9
    1.1
  -0.27
  -0.78
    1.2
    2.8
   0.68
   -2.4
   -1.5
   -1.6
  -0.91
   -2.8
   -2.6
   -2.6
   -2.2
    1.9
   0.51
    4.3
   -1.6
    2.6
    5.8
  -0.47
   -5.2
   -2.7
   -0.9
   -2.2
   -3.7
    2.6
    1.4
   -4.1
  -0.29
    1.6
   -5.1
  -0.93
   0.14
   0.42
    0.4
  -0.51
    1.3
   -1.1
   0.46
   -1.2
    1.2
    1.9
    3.3
    4.8
     -1
    1.1
    1.1
    3.1
      2
   -3.7
   0.42
  -0.65
    2.7
    1.2
  -0.98
   -1.7
   0.51
  -0.17
    3.4
  -0.44
   0.56
   0.79
  -0.69
   0.17
    3.4
   0.44
    1.7
    1.3
  -0.66
   -2.9
  -0.44
   -2.2
  -0.68
   0.82
    1.2
   -1.5
   -1.7
  -0.27
   -1.3
   -1.9
    3.2
   0.85
    1.5
    1.4
   0.48
 -0.032
    1.4
   0.49
   0.06
   -1.6
  -0.64
  -0.74
    1.9
   -1.6
    1.1
   0.58
  -0.41
   0.71
    1.9
   0.12
   -2.6
  -0.49
  -0.58
    2.1
   0.39
    2.5
    1.5
    2.7
  -0.88
  -0.41
   0.63
  -0.35
    1.1
    1.2
  -0.71
   -3.3
   0.69
   0.77
   -1.2
   -2.8
   -1.4
  -0.35
  -0.97
   -2.4
   0.59
 0.0077
    2.8
   0.57
   -2.5
   0.42
   -2.4
    2.9
     -2
    1.8
    2.7
   -2.9
      2
    1.6
   -1.5
   -1.4
 -0.014
   0.33
 -0.072
   -2.5
    1.9
    3.1
 -0.069
    2.5
  -0.38
   0.75
   0.14
    1.5
    2.8
    1.6
   0.28
      3
   0.26
   -3.3
    2.5
    1.3
     -2
   0.56
   -1.4
   0.31
      2
    1.2
      3
  -0.73
   -1.1
  -0.55
   -3.1
   -2.6
   0.81
   -7.1
   0.42
   0.36
 -0.057
   0.25
   -0.4
    1.7
   -1.5
     -2
   -1.6
    2.4
  0.067
     -4
  -0.87
    2.2
     -2
   0.91
   -1.8
   -0.3
   -1.1
    1.4
    2.9
   -1.1
  -0.14
    3.4
  -0.25
  -0.57
   -1.2
    3.6
    2.8
   -1.5
    1.3
     -2
    1.4
      2
  0.026
  0.092
   0.47
  -0.66
   0.92
   -2.6
    1.8
    2.6
    1.3
  -0.65
 -0.027
   -1.7
    2.1
    0.4
   -1.1
    1.6
   0.37
     -3
   0.02
   0.34
   0.67
  -0.41
   -1.7
  -0.67
   -2.4
   -1.1
  -0.15
   0.27
    1.6
   -2.9
   0.43
   0.75
   -1.6
    1.1
   0.84
   -2.3
    0.4
   0.64
    4.9
   -1.5
    1.7
    1.7
    1.4
   -1.1
  -0.46
  -0.91
    1.4
    3.9
   -1.6
    0.9
    2.3
 -0.087
   -3.1
    1.2
    3.7
   0.46
    1.5
   0.78
  -0.23
  -0.51
   -1.9
   0.19
   -3.5
   0.69
    1.6
   -3.3
   0.27
    1.6
  -0.67
  0.032
   -1.5
   -3.5
    2.7
  -0.09
   0.44
  0.015
  -0.36
    1.7
   0.27
    1.6
 -0.057
   -1.7
   -1.9
   -2.7
   -4.5
   0.73
    2.8
  -0.28
   0.29
   0.59
    1.2
   -3.2
    1.9
    3.8
   -2.4
    2.1
   0.11
    4.1
    1.4
    1.8
   0.36
  -0.76
   -1.1
  -0.81
    1.6
   -1.6
   0.52
   -4.8
    2.4
  -0.58
  -0.11
    2.5
    1.6
   0.61
   -2.7
    1.4
   0.83
   -1.2
    1.9
    6.7
 -0.078
    3.3
   0.91
   -2.8
   0.77
   -3.3
    2.7
   -4.6
  -0.28
    3.3
   -1.7
    1.6
   -1.5
    4.8
   0.64
     -1
      2
    0.6
   -1.1
   0.93
   0.49
   -3.5
    4.2
  -0.91
    2.5
    2.4
   -2.8
    1.3

Elapsed CPU time (timerElimination) = 18.25 sec.
Elapsed CPU time (timerSolution) = 0.03 sec.
x= 
       2.8669
      -0.7949
       0.5420
       2.8818
      -0.7154
      -0.8195
      -0.9432
       1.7017
      -0.4091
      -2.6585
      -2.4506
       0.0196
       3.1400
      -0.8748
       0.4548
       3.6927
       1.7184
       0.5803
       0.2335
      -1.0301
      -1.0660
      -0.8441
       1.3845
      -0.4265
       0.7773
      -0.2091
      -1.9308
      -0.7774
       0.6320
      -0.1252
       2.1394
      -2.4590
      -2.3454
       0.8672
      -0.3681
       0.0680
      -0.2683
       2.3006
       1.6169
       0.5859
       1.5241
      -0.7310
       1.8979
      -2.4867
      -1.6928
      -0.2027
      -1.8544
      -3.0426
       0.8559
      -0.3291
       2.3276
       3.5402
      -0.6442
       1.1748
      -0.4229
       0.3282
       1.8744
       2.3656
      -1.5722
       0.2925
       0.5609
       0.8779
       3.9273
       0.4981
       0.1732
       2.9324
      -1.9103
       2.4469
       0.2467
      -0.6426
      -1.6285
       1.4669
       0.0106
       1.2356
       1.3403
      -1.0724
       2.4682
      -2.2651
      -0.3532
      -3.2190
       3.2075
      -0.4574
       3.0447
      -0.5334
      -3.8350
       1.6242
       2.3476
       0.3382
      -0.3663
       1.5937
       1.8425
      -1.3689
       0.9005
      -1.6700
       2.9101
       1.3458
       2.2050
       2.9692
       2.9033
      -4.6786
      -1.1664
       3.3668
      -6.9251
      -1.5170
       1.2080
      -0.8076
      -1.4519
       0.1760
       0.3918
      -1.9407
       4.5562
      -2.3087
       3.5035
       1.3188
       0.0045
      -3.4633
       1.7010
      -1.3058
      -0.4777
       0.4193
      -1.9416
      -1.2455
      -1.7171
      -0.8498
      -1.6490
       0.9947
      -1.5261
       1.4159
       3.3687
      -2.2170
       1.0069
       0.2851
      -0.8457
      -0.3555
      -0.2983
      -1.6967
       1.2351
       0.7447
       1.7195
      -4.6176
       0.7542
       0.9382
      -3.8112
       2.6793
      -0.9890
       1.6327
       0.2230
       1.3166
       0.0437
      -2.4118
      -1.7168
      -3.6761
      -0.2904
       0.9289
       1.4646
      -1.6442
       0.4884
      -0.7508
       0.2976
       1.8628
      -2.8954
       3.5417
      -0.0870
       0.4606
      -5.6626
      -0.0115
       1.1494
      -0.6117
      -5.1611
       1.8326
       3.7679
      -0.7705
      -0.9083
       0.6097
      -0.8985
      -3.3102
      -0.9398
       1.1905
      -1.1111
      -1.0343
      -1.0371
       1.3860
      -0.0264
      -0.5412
      -2.3777
      -2.9742
      -1.8019
      -0.8428
       1.0953
      -1.4047
       4.0601
      -1.3583
       1.5085
       2.9267
      -1.1748
      -0.4997
      -0.1779
      -2.5238
       3.1789
      -1.2024
       2.8430
      -1.8731
       0.1797
      -0.4038
      -1.8815
      -1.4083
      -0.0345
      -0.2561
      -0.3724
      -2.9311
      -3.2932
      -1.1339
      -0.4882
      -1.6384
      -2.2756
       0.5426
      -0.5664
       2.3966
       1.6846
      -1.7622
      -0.2606
       3.8810
      -3.9352
       1.4263
      -1.0056
      -1.0787
       2.1784
      -1.3658
       2.9829
       0.4872
       2.7449
      -1.9545
      -4.1171
       2.7124
      -0.1843
      -0.0369
      -1.3401
       1.9155
       3.6038
      -1.6111
       0.6784
      -1.4105
       1.8322
       0.3299
      -2.7667
       0.2358
      -2.5602
       1.1652
       1.0389
       0.4482
       0.4789
      -1.8680
       1.5187
      -4.7422
      -1.3448
      -1.9111
      -0.2746
      -0.1876
      -0.9295
       0.3791
      -1.0754
      -1.5417
       1.5401
       2.2509
      -1.2463
       0.7159
       0.5648
       4.6695
      -3.4327
      -2.9753
      -1.2386
       1.3154
      -2.0217
       4.1818
      -1.0103
       3.3557
       0.2238
       0.2045
      -1.6198
      -0.4894
       0.7497
      -1.7518
       0.8549
       1.4061
       1.0130
      -3.6552
      -1.1914
       0.6549
       0.7550
       1.0804
       3.8027
      -2.4844
       0.7835
       2.1366
       1.1062
       0.5996
      -1.3033
      -3.2030
      -1.9229
       0.1447
       0.2892
       2.3859
      -0.5231
       2.1992
       1.7185
       4.9686
      -0.3278
      -1.7915
       3.8298
      -0.5741
      -0.7795
       2.2483
       2.7007
       1.4048
      -0.9206
      -0.0064
       0.9168
      -3.6777
       0.5553
      -0.1516
      -0.2457
      -0.7260
       2.1601
      -1.0919
       0.7866
       0.4763
      -0.3940
      -4.4672
       2.4134
       2.7588
       2.4567
       1.4040
      -1.7185
      -2.1887
       2.3263
      -3.5929
      -0.9251
      -0.9031
       0.7831
      -2.3008
       1.1937
      -3.3025
       2.4469
      -1.4641
      -3.1958
      -0.8546
      -3.5912
      -2.1153
       1.5639
       4.0081
       0.5684
      -0.0810
       0.2799
       1.7782
      -0.1603
       2.5290
       1.0984
       1.3017
      -0.6956
      -2.5806
       3.6191
       0.0385
      -0.1306
       2.6606
      -1.2827
       1.8437
       1.5720
      -3.8392
       0.5974
       1.9883
      -3.7709
      -1.4364
      -2.6994
      -1.1682
      -0.6063
       0.7576
       0.5257
      -1.4960
      -1.5008
      -0.7462
      -0.4526
       2.4709
       0.8394
       0.6529
      -2.9293
      -4.8448
      -1.2358
      -1.6919
      -0.1142
       1.2389
       1.5768
       0.5998
      -3.3701
      -3.9629
      -2.4278
       1.3919
       0.6488
      -1.1665
      -2.5178
      -3.4544
      -5.0233
      -2.1404
       1.6656
       0.9988
      -0.9640
       1.1999
      -1.0717
       4.6338
       1.2767
       0.5207
      -0.0275
      -0.7922
      -1.6344
       1.5874
       0.7930
       4.5455
      -2.9061
      -0.2072
       1.4913
       0.8257
      -2.4160
       2.7988
      -0.0341
      -0.1112
       0.2033
      -2.2571
      -1.9443
      -1.9150
       0.3841
       2.3804
       0.5675
      -0.3105
       1.6718
       2.5761
       0.0041
      -0.6090
      -2.1311
      -0.3993
      -5.6783
      -2.7487
      -2.6294
      -1.9009
      -0.6180
       2.5227
      -2.4163
      -3.3665
       0.6259
      -1.8365
      -3.0707
      -0.4199
       1.2610
       1.2004
       1.1011
       0.2643
       1.2844
       2.4525
      -0.8421
      -1.2423
       0.7911
       0.9777
      -0.7559
       1.0743
       0.0827
      -0.7051
       3.3679
      -2.5647
       0.8531
       2.3379
      -0.6471
      -1.1730
       1.9979
      -1.2650
       2.6681
       1.1736
       0.5699
       1.6161
       1.0758
      -0.3666
      -0.3049
      -2.3960
       0.6797
      -1.4560
       1.6964
      -0.6388
       0.8887
       1.1605
      -0.3862
       0.1570
       0.8639
       1.6150
      -1.6543
      -2.2584
      -1.2118
      -1.3589
       4.6750
      -3.8643
      -3.9604
       1.8585
       0.0869
       3.1099
      -1.0862
       0.4803
      -0.2694
       1.6811
      -1.5205
       0.2030
       0.5173
      -0.5995
       1.1719
      -1.2635
       1.1619
       0.7928
       2.0562
       0.0863
      -2.4782
      -4.4835
      -3.0844
      -0.3119
      -6.3684
      -2.9731
      -0.9340
      -0.5819
       2.7035
       0.2133
       0.3213
      -2.9263
       1.3128
      -5.1755
      -0.9505
       0.0874
      -2.5007
       0.1283
      -0.3305
      -0.5898
       0.2518
      -0.8672
       0.9130
      -0.3292
       0.8267
      -1.7018
      -1.9874
      -1.6105
      -3.0270
      -0.2814
       2.4538
       0.9608
      -1.4563
       2.4456
      -1.2666
       0.2825
       0.7517
       1.5963
       0.7999
      -2.6421
       1.6647
       0.5461
       1.7376
      -0.6723
       1.4027
      -3.7583
       1.5778
       0.1666
      -2.1115
       3.1252
       6.2892
      -0.8774
      -0.2382
       2.3051
       1.7926
       2.2220
      -2.7221
      -2.7832
      -1.2914
       1.1900
      -1.9914
      -2.1866
       3.1065
       0.3370
      -2.6119
      -0.5222
       1.0725
      -2.7410
      -0.6007
       0.0353
       0.4705
       2.3712
       3.0914
       3.3727
       1.1093
      -0.7207
      -0.4318
      -1.2602
      -0.9679
       2.0745
       0.8671
      -0.5334
       0.9411
      -1.6468
       0.5877
       0.6488
       1.6301
       0.1720
      -0.3914
       5.7326
      -2.4709
      -2.2303
       0.6195
       1.1504
       2.9390
      -2.2252
      -1.4278
      -1.4766
      -3.4758
       2.4827
       0.3216
       0.8709
       2.1896
       0.8424
       2.1013
      -1.5992
       2.2092
       3.5139
       5.2205
       1.7277
      -1.8191
      -1.7375
       0.9879
      -0.0256
       1.3849
       0.5694
      -1.5539
       1.8649
       0.7993
      -1.0304
      -3.8496
       1.7429
      -1.9938
       1.9287
       0.1468
       1.2129
       0.6286
       1.1454
       4.0071
       0.8951
       1.5050
      -2.9105
      -1.0295
      -0.5697
       0.2754
      -1.3052
      -0.1936
       0.9452
      -3.8555
      -1.3113
       2.4962
       0.2546
       1.1697
       0.8208
       2.2511
      -3.8608
      -1.2567
      -0.4456
      -1.9079
      -2.7035
       2.2600
      -0.0300
      -1.6281
      -2.9366
      -3.0734
       5.0368
       0.5558
      -1.9559
       1.4145
      -1.2442
      -1.5395
      -0.5405
       0.7052
      -0.0264
      -2.1739
       1.0376
      -1.3690
      -0.2506
      -2.0676
      -0.2424
      -2.8846
      -1.8099
       3.0674
      -0.3821
      -2.2599
      -1.4538
      -1.5518
      -0.3392
      -1.8198
       5.3298
       1.5314
      -0.3499
       2.0080
       2.8536
      -2.3209
       0.7302
       2.1791
      -0.7766
      -3.4004
       0.3785
       1.1801
      -2.0736
       4.4564
      -2.6909
      -0.3699
      -0.3920
      -0.2924
      -1.2303
       0.7095
       0.1407
       2.4003
      -0.2965
       0.0076
      -0.6101
       0.2766
      -2.2934
       2.4255
      -3.0393
       0.3819
       2.4118
       0.0311
      -0.2670
       2.1310
       0.6533
      -0.3501
      -0.2012
       0.9365
       2.8507
      -2.9688
      -2.9872
      -2.3134
       0.7322
       0.6415
       0.6666
      -1.5505
       1.0756
       0.6256
       2.1307
       0.6890
      -2.5953
      -4.0107
       0.7494
       1.8394
      -0.0889
      -2.0814
       3.5417
       3.6586
       3.5711
       2.8003
      -0.1906
      -2.5376
       1.5589
      -2.3825
       0.1244
       0.5325
      -2.0254
      -1.9117
       0.9739
       3.9614
      -2.0887
      -2.3423
      -2.2655
       1.2136
       1.7806
       1.1745
       4.1114
      -0.0868
      -0.6769
       6.0296
       0.5921
      -2.6926
       0.8442
       2.0270
       2.6445
       0.9911
      -1.6209
       1.8394
       2.0160
      -0.0765
       1.2158
       1.4036
       2.9970
      -0.8910
      -0.3913
       3.2709
      -1.8642
       0.6934
       0.5802
      -2.2185
      -0.8680
      -4.0881
      -0.7382
       0.6016
      -3.0366
       0.5076
      -1.7663
      -1.4114
      -0.7463
      -5.1465
       1.4146
      -0.6683
      -5.3053
      -4.0630
       3.0748
       1.2843
       0.1101
       0.4981
       1.1650
       1.6329
      -0.0275
       0.9242
      -0.1906
       0.3995
       0.4223
      -1.2847
       0.3978
      -0.7502
       3.4003
      -2.4143
      -0.4292
      -2.1797
      -0.7496
       0.1016
       2.2058
      -1.2322
       1.7127
      -2.3430
       2.9027
      -1.1314
      -6.0289
       1.1584
      -3.3590
       0.9847
      -2.1758
      -3.6597
       3.6661
      -2.4423
       0.7761
      -0.2122
      -0.8027
       0.2840
      -0.2541
      -0.3173
       2.4384
      -1.6951
      -3.5707
      -3.0045
      -2.1844
       4.9527
       2.4314
      -3.9473
      -1.2890
      -1.4245
       1.8211
      -0.0202
       1.6972
       2.4928
      -0.8151
       0.5630
      -3.9413
       3.0167
       5.7293
       1.9643
      -2.0381
       1.8576
       2.5985
       2.0454
      -3.7074
      -3.7083
      -3.4947
      -0.1000
       1.4156
       0.2633
       1.1990
       0.1159
       4.4048
       3.2937
       2.3291
       0.1814
       2.0225
      -1.2939
       1.6966
      -0.4570
      -2.4259
       1.3390
      -1.7852
      -2.3792
      -1.3518
       2.3807
       1.7471
      -2.7692
      -0.0401
      -4.0821
       2.5831
       2.6339
       0.2055
       1.4562
      -2.5232
       1.3702
       1.4485
      -3.3322
      -0.1858
       3.3882
      -0.9825
       0.0817
       0.1124
      -0.3832
       1.7289
      -1.6574
       0.2125
       0.9858
       0.4669
       0.8754
      -4.2288
       1.1090
       2.1272
      -1.5025
      -0.3689
      -2.1464
      -2.2604
      -2.4408
       2.7481
       1.3713
       0.7972
       0.0521
      -1.0607
      -0.6973
       2.1539
       0.8774
       0.7469
      -2.2252
      -1.6824
      -1.1473
       1.5333
      -0.6873
       2.1377
       3.4244
      -0.6718
       0.3923
       1.4095
       4.6306
       2.0891
      -1.2317
       0.0405
      -1.4974
      -0.1415
      -0.8560
      -1.7961
       1.8712
      -0.5037
       1.6594
       0.7341
      -0.0688
       0.8338
      -0.8105
       0.0649
       0.3786
      -6.5442
      -1.3940
       1.5473
      -1.4154
       1.9140
       1.4674
       3.2868
       1.0328
      -1.8370
      -1.5602
       0.7911
      -1.6547
       1.1446
       0.8833
       0.2061
       1.9384
      -2.2086
      -1.8516
      -0.5812
       2.6410
       1.6067
       2.3014
       2.4533
      -0.4162
       2.9351
       2.3896
       0.0887
      -0.5998
      -1.2909
      -0.9597
       0.5539
       0.6320
      -5.7316
       1.8054
      -2.7391
      -0.5554
      -2.7838
      -0.9596
       3.1793
      -0.3209
      -0.4433
      -0.9117
      -1.4037
      -3.3290
      -3.1231
       1.3857
      -1.7271
       0.1212
      -1.5108
      -1.0075
      -2.0921
      -0.1442
      -3.6801
      -0.3757
       2.4659
      -0.8187
       1.3654
       0.6048
      -0.2534
       0.7276
       1.8357
      -1.1084
      -0.0182
      -4.8982
       1.4690
       2.0739
       0.9916
      -1.3174
      -0.3730
      -0.2554
      -2.0281
      -0.6858
      -3.5325
       1.2421
      -0.9610
       0.6726
       2.6167
      -0.9560
       3.4540
       1.9295
      -0.7409
       2.0413
      -0.2565
      -0.0644
       0.4578
      -0.2547
       1.5540
      -2.4333
       1.9970
      -0.9845
       2.0349
       0.9832
       2.7704
      -2.7780
      -2.4705
      -1.2446
      -0.7466
      -1.2045
       2.0561
       0.1628
      -1.9008
       1.6931
      -1.0098
      -0.3566
       3.0113
      -1.3639
       1.6293
       0.3115
       3.7105
      -0.3108
      -1.0744
       4.0666
       0.8327
       2.2640
       2.8811
       2.2851
      -0.2176
       0.9793
      -1.3112
       4.0296
      -0.8393
      -0.0242
      -2.6635
       1.3548
       1.2162
       1.5402
       0.0747
       1.7468
      -0.8029
       0.6893
       2.5517
       0.5161
       0.7238
       0.6529
       0.2798
      -0.0575
       0.9776
      -2.9833
      -3.6059
      -0.3514
       0.2568
       1.8049
      -1.4100
      -5.8586
       0.6631
      -2.8980
       0.0926
       1.8765
       0.0901
      -3.6938
       3.1096
      -0.3300
      -0.8896
       1.1988
      -1.8721
       0.3750
       1.8821
      -0.1276
       3.9296
       1.5144
      -2.5324
       2.0465
       0.9159
       2.6931
       0.8518
      -0.9035
       2.0239
       2.6980
      -3.2090
      -1.6914
      -2.4164
      -2.3634
      -0.7277
       2.6805
      -0.0709
      -3.9135
       1.3078
       1.4767
       0.2454
       2.6060
       3.5720
       4.2034
      -1.9413
       0.9138
      -2.9364
       2.0963
       1.3337
      -1.0519
      -2.3008
      -0.8279
      -1.3333
      -2.7260
       0.9491
      -1.4055
      -0.5085
      -2.4069
       1.3988
      -2.9478
      -0.2397
       2.4516
      -2.7920
      -2.5856
      -0.3550
      -1.1708
      -0.0852
      -5.9978
       3.0657
       1.1432
       2.2686
       1.0427
      -1.5485
      -2.4918
      -2.4171
      -0.2665
       0.1450
       0.2703
      -0.1119
       0.5601
      -0.2733
       1.8715
      -3.8340
       1.3026
       0.6431
       0.4021
       0.2769
      -2.2320
      -3.4152
       3.1031
       2.0271
      -1.2258
       1.4491
       1.7393
      -1.6850
       2.9988
      -2.9925
      -0.8718
      -1.4687
       4.1475
      -3.6115
       1.0333
       3.6008
       3.0338
      -0.1985
       1.9091
       0.5043
      -4.9069
       3.2018
      -0.2017
       0.7237
      -2.8435
      -1.4501
       3.6672
       0.9422
       3.9144
      -1.2874
       2.1225
       1.0586
      -0.4641
       0.7553
      -0.0006
       1.0931
       3.5218
      -1.0269
       1.5568
      -1.1125
       4.2432
      -0.2300
       1.1631
      -0.3628
      -1.4902
       0.3987
      -3.4211
      -1.9342
      -2.2379
       0.1234
      -1.0271
      -2.4187
      -1.2857
      -0.4381
      -7.5697
       0.6641
      -0.9615
      -0.2894
       0.4790
       0.9852
       1.3427
      -1.3033
      -2.0128
       4.3859
      -1.3477
      -0.5491
       1.9379
       1.6495
       1.3389
      -0.6508
      -2.2609
      -0.6882
      -1.1960
       2.3744
      -0.1695
       2.1458
       2.4410
       0.6000
      -0.5057
      -0.1342
      -0.9116
       1.6888
       0.1040
      -0.0818
      -2.3720
       1.0505
      -2.6488
      -1.3147
       0.1803
      -0.3480
      -2.7449
      -5.3105
      -0.3754
      -2.3926
       1.7256
      -1.1842
      -0.9593
       3.6600
      -0.5687
      -1.6615
      -0.7996
      -5.0293
      -0.9965
       0.8733
       0.0882
       0.5070
       2.9558
       3.0107
      -0.3336
       0.5208
      -0.1932
       0.0173
       0.3524
       2.3626
       0.9448
      -0.1740
       0.0281
      -3.7930
       3.1100
       0.9868
       1.1056
       3.1354
       1.5097
       1.4154
       0.3459
       0.8481
      -2.8842
      -3.5966
      -1.4248
       3.2016
      -3.0841
      -0.4158
      -3.4431
       2.8787
       1.3778
      -0.9769
       0.3662
       1.1253
       1.4766
       2.6792
      -1.1959
       3.5054
      -0.1439
      -3.1387
       0.3048
       2.7757
      -0.5002
      -0.7083
       0.2213
       4.9038
      -5.6181
       0.7931
      -2.5741
       4.3884
      -1.4937
       0.7071
       1.5926
      -3.5300
      -1.1174
       1.3881
       0.6084
       0.5770
      -2.7426
       1.1828
      -2.5218
       2.8552
      -1.0135
      -1.3270
      -0.7835
      -0.9389
       1.8631
      -1.2265
      -1.5996
      -0.7019
      -2.3959
      -2.0421
      -2.0465
      -2.7986
      -1.8217
      -3.9080
       1.8425
       0.9648
      -0.5879
       2.3160
      -1.7531
      -2.8205
      -1.8759
       1.2531
      -1.4197
       2.3500
      -2.0785
       1.2712
       2.7293
       0.7335
       0.1725
      -0.1267
      -2.8521
      -1.3897
      -0.1117
      -1.0460
      -1.1175
      -1.4786
      -2.4132
      -0.3933
      -0.5835
       2.1442
       0.1812
       1.2102
      -3.3367
       2.9491
       1.9311
      -0.8340
      -0.3920
      -1.3467
       0.8359
       4.0624
       0.5903
       3.8024
      -4.5392
       2.6221
      -2.1101
      -0.2169
      -2.1937
      -1.2052
      -1.4168
       1.7513
       1.3203
      -0.6003
      -2.2694
       0.0175
       2.7605
      -1.1400
      -3.6020
       3.0980
      -0.5685
      -2.4031
      -1.6601
      -2.2022
      -1.3318
      -0.7296
      -2.5793
       0.3061
      -1.0028
       0.8967
      -1.1601
      -1.7618
      -0.5545
      -0.0692
      -4.7506
      -2.6793
       1.9214
      -2.2048
      -1.5499
      -1.9079
      -3.5732
       0.3830
       0.7609
      -1.3070
      -1.0214
       0.8094
      -1.6761
      -0.5173
      -0.9667
      -0.4546
       0.9044
      -2.3350
       4.5207
      -1.3935
       2.4602
       1.9859
      -1.2020
      -1.4466
      -0.1469
       1.3303
      -3.4953
      -1.6783
      -2.3935
      -0.1390
       0.8349
       1.1860
      -0.1182
      -0.2066
      -1.7194
       0.1881
      -1.3494
      -4.2287
       2.9564
       1.4581
      -1.2532
       0.2167
       1.6654
       1.3191
      -0.3769
      -3.7830
      -0.9926
       0.6159
       1.2069
       1.8239
      -2.6132
       2.2910
       1.1777
       3.2095
      -2.7788
       0.8458
      -2.8110
      -2.0348
       1.0927
       4.2280
       0.4646
       1.6804
       0.4833
       0.9257
      -0.3883
      -2.7411
      -3.1915
      -1.7307
       2.4807
       2.5945
       3.7087
      -0.0716
       2.2746
       0.7683
       0.0371
      -2.0652
      -1.6753
      -0.6603
      -2.5262
      -0.6498
      -2.9765
       0.3095
      -3.4390
      -3.7121
       0.2524
       2.5379
      -0.5310
       4.8170
       4.7265
      -3.6352
       4.3622
       2.0236
      -0.4590
      -1.1421
      -5.1311
       0.9493
      -1.0112
       0.1466
      -1.5560
       0.9727
       1.9073
       2.0007
      -0.0196
       0.3827
      -2.0881
       0.1318
      -0.0945
       1.6812
      -2.2135
      -2.6464
       0.8006
      -0.3218
       0.4271
       1.4819
       2.3969
      -1.3532
      -0.0484
       3.3447
       3.8009
       1.9737
       0.6739
      -0.5425
       0.7584
       1.0345
       0.5837
       1.4019
      -0.5089
      -0.5889
       2.1187
       1.7589
       2.2092
      -5.0156
      -1.3431
      -3.5225
       2.9119
       1.0551
      -1.8945
       0.4849
       2.3907
       0.2311
      -1.6088
      -2.5014
       2.6625
       0.0789
       0.7999
      -1.8395
      -0.9511
      -1.4725
       0.1477
       0.1803
      -3.1984
      -0.1835
       2.9042
      -3.1993
       0.5342
      -1.5214
      -0.3009
      -1.0695
      -0.0308
       1.9779
       3.3485
       0.8929
      -1.5287
      -0.8364
       1.0716
      -3.9036
      -4.0214
      -1.7420
       2.4132
      -1.4861
       1.5946
      -2.9091
      -1.0739
       2.3450
      -1.9122
       1.1572
      -2.1261
       4.5086
      -1.9413
       1.5432
      -1.6467
       0.3496
       4.9478
       0.0822
       0.6518
       3.1058
       5.0591
       0.9490
      -1.8476
      -3.0206
       2.0610
       1.2534
      -2.0069
      -1.7609
      -2.1508
      -0.8909
      -0.4936
       0.3290
      -2.0129
      -1.2980
       4.2037
       1.2750
       1.5801
      -1.6011
       0.1627
       1.5784
       3.0659
      -2.3826
       1.0285
       2.1241
      -1.4040
       1.7245
       0.4570
       2.2434
      -0.3966
      -0.6273
      -0.1243
       2.2040
       2.8388
      -1.4385
      -1.2621
       1.1785
      -0.7767
      -0.9207
       1.2095
       1.2293
       2.1402
      -2.6927
       1.6268
      -1.6543
       0.8423
      -1.6371
       0.9756
      -0.7208
       2.2668
       3.7476
       4.8834
       0.6437
      -1.7940
       0.6256
       2.6012
      -0.4309
       0.4585
       0.9377
       2.2375
       3.3298
      -0.5152
       0.1776
       0.2727
       1.5713
      -0.3449
       0.9313
      -0.8004
       1.6002
       3.3494
       6.5147
       0.8994
       1.1152
      -0.2701
      -0.7779
       1.2436
       2.7960
       0.6793
      -2.3881
      -1.4830
      -1.6416
      -0.9118
      -2.7746
      -2.6351
      -2.5602
      -2.2218
       1.8956
       0.5059
       4.2727
      -1.5634
       2.6268
       5.7934
      -0.4693
      -5.2414
      -2.6883
      -0.8979
      -2.2141
      -3.7401
       2.5669
       1.4239
      -4.1221
      -0.2918
       1.5520
      -5.0816
      -0.9348
       0.1366
       0.4171
       0.4042
      -0.5143
       1.2678
      -1.0837
       0.4639
      -1.2218
       1.1751
       1.9041
       3.2560
       4.7889
      -1.0453
       1.1408
       1.0531
       3.0890
       2.0053
      -3.7342
       0.4245
      -0.6512
       2.6613
       1.1527
      -0.9833
      -1.6899
       0.5079
      -0.1695
       3.4485
      -0.4352
       0.5581
       0.7915
      -0.6938
       0.1705
       3.3537
       0.4379
       1.6976
       1.2748
      -0.6603
      -2.9331
      -0.4441
      -2.2207
      -0.6805
       0.8239
       1.2017
      -1.5175
      -1.7045
      -0.2710
      -1.2787
      -1.8553
       3.1541
       0.8520
       1.4949
       1.4177
       0.4835
      -0.0318
       1.4323
       0.4855
       0.0597
      -1.6114
      -0.6392
      -0.7363
       1.9090
      -1.5884
       1.1001
       0.5785
      -0.4074
       0.7078
       1.8543
       0.1211
      -2.6068
      -0.4941
      -0.5797
       2.1315
       0.3912
       2.4693
       1.5096
       2.7089
      -0.8846
      -0.4071
       0.6277
      -0.3459
       1.0959
       1.1502
      -0.7093
      -3.3468
       0.6882
       0.7693
      -1.2060
      -2.8421
      -1.4024
      -0.3507
      -0.9684
      -2.3604
       0.5941
       0.0077
       2.8110
       0.5655
      -2.4967
       0.4206
      -2.3979
       2.8843
      -2.0012
       1.7516
       2.6512
      -2.9162
       1.9843
       1.6368
      -1.5343
      -1.3551
      -0.0143
       0.3263
      -0.0719
      -2.4704
       1.9213
       3.0504
      -0.0694
       2.5053
      -0.3849
       0.7481
       0.1406
       1.5277
       2.8197
       1.6375
       0.2812
       2.9598
       0.2608
      -3.3268
       2.4595
       1.3364
      -2.0490
       0.5558
      -1.4101
       0.3107
       1.9823
       1.1979
       3.0042
      -0.7338
      -1.0743
      -0.5497
      -3.1442
      -2.5523
       0.8146
      -7.0801
       0.4240
       0.3633
      -0.0570
       0.2547
      -0.4024
       1.6762
      -1.4984
      -1.9836
      -1.5593
       2.4054
       0.0671
      -3.9727
      -0.8723
       2.1790
      -1.9787
       0.9088
      -1.7714
      -0.3030
      -1.0561
       1.3658
       2.9127
      -1.0774
      -0.1355
       3.3786
      -0.2515
      -0.5685
      -1.1561
       3.6304
       2.8331
      -1.4569
       1.3167
      -2.0037
       1.3656
       1.9508
       0.0256
       0.0921
       0.4665
      -0.6589
       0.9217
      -2.5941
       1.8035
       2.5955
       1.2732
      -0.6526
      -0.0273
      -1.6850
       2.0971
       0.4002
      -1.0632
       1.6272
       0.3737
      -2.9829
       0.0205
       0.3389
       0.6699
      -0.4096
      -1.6631
      -0.6685
      -2.3984
      -1.1020
      -0.1502
       0.2665
       1.6259
      -2.9235
       0.4290
       0.7532
      -1.5798
       1.0810
       0.8376
      -2.2729
       0.3993
       0.6431
       4.8833
      -1.5130
       1.7142
       1.6818
       1.3705
      -1.0861
      -0.4616
      -0.9096
       1.4111
       3.9381
      -1.6492
       0.9017
       2.3488
      -0.0868
      -3.0934
       1.1965
       3.6875
       0.4560
       1.4846
       0.7780
      -0.2297
      -0.5138
      -1.8923
       0.1923
      -3.5054
       0.6902
       1.5925
      -3.2833
       0.2681
       1.5557
      -0.6662
       0.0325
      -1.4913
      -3.5233
       2.7065
      -0.0896
       0.4397
       0.0145
      -0.3569
       1.7047
       0.2711
       1.5958
      -0.0567
      -1.6793
      -1.9449
      -2.6952
      -4.5492
       0.7312
       2.8095
      -0.2826
       0.2861
       0.5862
       1.2422
      -3.2401
       1.9478
       3.7535
      -2.3791
       2.0883
       0.1081
       4.1016
       1.4129
       1.7575
       0.3593
      -0.7639
      -1.0780
      -0.8141
       1.6470
      -1.5630
       0.5200
      -4.8474
       2.3994
      -0.5816
      -0.1132
       2.4691
       1.6412
       0.6112
      -2.7291
       1.3821
       0.8344
      -1.1798
       1.9108
       6.6535
      -0.0777
       3.2564
       0.9122
      -2.8347
       0.7683
      -3.3202
       2.7255
      -4.5983
      -0.2819
       3.2939
      -1.7469
       1.5578
      -1.5350
       4.7895
       0.6358
      -1.0446
       2.0284
       0.5950
      -1.0655
       0.9320
       0.4940
      -3.5184
       4.1667
      -0.9084
       2.4562
       2.4216
      -2.7770
       1.3056

