0 T01_01.jpg 112.22498209635417 94.773681640625 254.19053548177084 58.562158203125 65.22403483072917 48.02998860677083 73.684697265625 64.52425455729167 241.49351236979166 
1 T01_02.jpg 112.71537434895833 106.22376790364584 254.42409505208332 74.72735026041667 68.71751627604166 62.5317626953125 77.704267578125 89.17386067708334 237.65537434895833 
2 T01_03.jpg 114.44077799479166 110.31155598958334 254.59743326822917 85.58579589843751 73.97131510416666 73.62705891927084 87.45142578125 103.98279296875 241.06759114583335 
3 T01_04.jpg 114.23812337239583 110.44484700520833 254.48776041666667 80.93125 71.14411783854166 67.77464518229166 80.38666341145833 95.72024088541667 239.48590494791668 
4 T01_05.jpg 113.7482373046875 111.20558593749999 254.21718587239582 87.86404622395833 74.03484049479167 76.27022298177084 85.12449544270834 106.074951171875 236.75369466145833 
5 T01_06.jpg 114.43954752604166 113.55581705729166 254.6861393229167 87.44421712239583 69.29706217447917 75.43935221354167 78.84271158854166 104.11229817708333 246.18257161458334 
6 T01_07.jpg 114.83052083333334 111.97381998697917 254.95172688802086 88.72851888020833 72.3385302734375 77.400654296875 86.16515625 108.185048828125 248.25799479166668 
7 T01_08.jpg 113.48190266927082 112.00901529947916 254.92041178385418 87.02022623697917 69.03533365885417 74.78338216145833 80.08630208333334 104.287080078125 248.52228190104168 
8 T01_09.jpg 113.33487467447917 108.7270849609375 254.7374462890625 77.88652669270834 67.97035319010416 64.42453287760416 78.360458984375 94.80380208333334 243.431171875 
9 T01_10.jpg 116.72334635416667 102.1752392578125 254.43787760416666 70.65919759114584 76.67681803385418 56.93712727864583 88.842470703125 84.97194661458333 231.87397135416666 
10 T01_11.jpg 112.55717122395833 103.450498046875 254.365361328125 72.68934733072916 63.588909505208335 59.768535156249996 73.153740234375 90.2262109375 235.54730794270833 
11 T01_12.jpg 116.20615885416666 109.79147135416667 253.87021484374998 86.86332356770833 80.62728515625 75.33917317708334 90.90640950520833 104.39388671875 227.27527669270833 
12 T01_13.jpg 103.0843017578125 86.18135091145834 254.86614583333335 49.65690755208333 50.784189453125 40.1630615234375 56.010729166666664 61.90400390625 239.315517578125 
13 T01_14.jpg 113.4849609375 106.60822102864583 253.5112174479167 73.88010904947916 72.67973795572917 61.941411132812505 78.86310221354167 83.524013671875 223.14672200520835 
14 T01_15.jpg 110.89380696614583 104.35512369791667 254.0223681640625 78.53694824218749 72.50747395833332 67.71924479166667 83.94543619791666 98.10741536458333 220.953916015625 
15 T01_16.jpg 111.95935384114583 95.83510904947917 253.86620442708335 61.146785481770834 65.68382161458334 50.919501953125 72.66735026041667 71.55734375 232.49616536458333 
16 T01_17.jpg 115.540888671875 102.28711914062501 253.94584147135416 73.62144205729166 75.93441080729167 61.440607096354164 85.159140625 91.85726888020834 225.274150390625 
17 T01_18.jpg 108.49462727864584 102.71646321614583 253.89945149739583 69.65792317708333 65.72110026041666 57.93789713541666 72.76479817708334 83.4291796875 226.23130208333333 
18 T01_19.jpg 109.50417317708335 91.06822102864584 254.78472493489585 62.39804850260417 69.61735351562501 52.32599446614583 81.40027018229166 90.749541015625 227.14333984375 
19 T01_20.jpg 113.33544108072917 99.09505696614583 254.85099446614583 61.7206396484375 64.3808251953125 49.259334309895834 75.32500325520833 79.68878255208334 247.567421875 
20 T01_21.jpg 114.81179524739582 110.4061962890625 254.80409342447916 84.32757161458333 72.87076009114583 71.83236328125 85.26150716145834 102.4093359375 243.2022265625 
21 T01_22.jpg 110.60675618489583 111.32672200520834 254.99151692708335 82.71844889322917 63.161518554687504 69.99538411458333 74.4559375 100.24412760416666 251.6798046875 
22 T01_23.jpg 115.64243326822915 113.946630859375 254.85486490885415 86.68160481770833 71.70861328125 74.14689778645834 81.00047200520834 101.166982421875 246.390517578125 
23 T01_24.jpg 115.22827473958333 107.316748046875 254.60732584635417 75.02296223958334 66.75453287760416 62.01061848958334 76.069287109375 96.69083333333333 244.40364908854167 
24 T01_25.jpg 113.45169759114583 112.86225423177083 254.61381184895833 87.53464518229165 70.82603678385416 76.24419759114582 80.39915364583334 103.9141015625 243.21097005208333 
25 T01_26.jpg 109.849189453125 87.46088053385418 254.83377278645833 44.6184375 56.156435546875 33.523994140625 65.85012044270833 52.70187174479167 247.10390625 
26 T01_27.jpg 110.67301106770833 100.28969401041667 254.96722819010415 66.09281901041666 58.81580240885417 52.8056787109375 72.01213541666667 80.45725911458334 250.82711588541667 
27 T01_28.jpg 111.09335611979166 83.69161295572917 254.84682128906252 44.167277018229164 56.539860026041666 33.50884114583333 65.23427734375 63.112301432291666 244.00944010416666 
28 T01_29.jpg 110.1968505859375 98.60455729166667 254.48048990885417 57.7228857421875 61.70480305989584 44.613660481770836 70.46114583333333 68.95437174479167 234.86130533854165 
29 T01_30.jpg 112.0793505859375 105.81035807291667 254.00850423177081 74.42672688802082 66.40073893229166 61.99924479166667 74.96250325520833 90.743125 234.27195638020834 
30 T01_31.jpg 115.715712890625 110.10669270833333 253.65743001302081 81.98816243489583 74.33220865885417 69.61306640625 81.55115885416667 95.940546875 229.46064453125 
31 T01_32.jpg 111.3881640625 106.48606608072916 253.05499348958335 77.61027018229167 70.42252766927083 67.37969075520834 76.18447591145834 94.07222005208334 223.50995768229166 
32 T01_33.jpg 104.7668017578125 82.89507486979167 254.73524902343752 47.19634440104167 52.87506184895834 37.826809895833335 57.70635091145834 57.858798828125 235.594638671875 
33 T01_34.jpg 109.67005208333333 78.65172037760416 254.57570638020832 36.73721842447917 57.4416015625 27.58103190104167 62.726077473958334 42.871318359375 233.30418294270834 
34 T01_35.jpg 112.26299479166667 95.87535970052085 254.78582845052085 60.33426432291667 64.371337890625 47.13417805989583 76.74572591145834 75.96864583333333 237.79848958333332 
35 T01_36.jpg 113.06133951822918 102.06500162760418 254.11331868489583 66.80806966145833 69.32129557291667 56.181894531249995 75.24957682291667 78.29513671875 228.945390625 
36 T01_37.jpg 110.91617838541667 98.86443684895833 254.57633138020833 60.4110791015625 64.5125146484375 48.16580078125 71.886650390625 73.55224283854167 227.67984700520833 
37 T01_38.jpg 114.26935872395833 97.724150390625 253.70072916666666 65.9941455078125 72.83394368489584 54.361435546875 81.73685872395833 79.64150390625 225.22060221354167 
38 T01_39.jpg 112.19712239583333 99.4812939453125 253.91498209635415 65.52608561197917 67.94930013020833 53.99357747395833 75.19763997395833 79.19633463541666 228.58569010416667 
39 T01_40.jpg 113.6513623046875 99.92398925781251 254.66264973958334 67.19558919270833 68.25216796875 54.344829101562496 79.81089192708333 82.77385091145834 234.68101236979166 
40 T05_01.jpg 96.96181640625 99.98881184895833 254.30578125 58.5861962890625 50.20415364583333 50.55234700520833 47.659915364583334 69.05215169270834 239.33855794270832 
41 T05_02.jpg 99.398486328125 99.242275390625 253.995693359375 61.71649251302084 53.907185872395836 52.732939453125 55.50744791666666 72.25147135416667 239.735126953125 
42 T05_03.jpg 94.98552408854167 96.92714029947916 254.15060872395833 55.83037109375 48.0642529296875 47.755016276041665 49.27607096354166 66.09584309895833 241.66568359375 
43 T05_04.jpg 106.33476399739584 90.1008251953125 254.958349609375 53.50592610677083 64.87311360677083 42.43275390625 86.80170572916667 73.034560546875 239.297373046875 
44 T05_05.jpg 104.05484049479168 106.79043131510417 254.56551432291667 76.749267578125 62.45833658854167 65.80880859375 70.80099934895833 87.51908854166666 235.275205078125 
45 T05_06.jpg 102.24593098958333 104.34325032552084 254.39697591145833 69.9092138671875 58.59885579427083 59.17245279947917 65.49394856770833 78.39625651041666 236.22459635416666 
46 T05_07.jpg 101.60251790364583 93.592421875 254.9645263671875 58.353098958333334 56.779934895833335 47.653370768229166 70.61862630208333 72.24164388020833 243.37150716145834 
47 T05_08.jpg 91.57670572916666 85.27467936197917 254.98520345052083 39.50408854166667 38.65255208333333 30.878186848958332 38.89726888020834 47.7346484375 251.25837239583333 
48 T05_09.jpg 107.1189697265625 94.83476725260417 254.97064615885415 62.1684716796875 56.0844140625 49.570017903645834 68.43538736979167 83.27056315104167 247.26296875 
49 T05_10.jpg 113.47193033854167 96.3742626953125 254.9680305989583 66.84769856770833 66.24995768229167 53.3789208984375 78.267841796875 87.63900065104167 246.327177734375 
50 T05_11.jpg 107.589306640625 98.9027099609375 254.99116536458334 73.07664388020834 55.22363444010416 66.00524576822917 67.049833984375 103.66578125 247.74869466145833 
51 T05_12.jpg 101.45838541666666 93.2346533203125 254.9979345703125 62.55236979166666 59.02193684895833 55.06287434895833 80.76609700520834 90.715009765625 248.10195963541668 
52 T05_13.jpg 101.870205078125 99.70194986979166 254.996650390625 73.49213541666667 61.83400716145833 67.80446451822917 82.50344401041667 105.080400390625 248.49787760416666 
53 T05_14.jpg 106.90362955729167 84.9648779296875 254.89605794270835 50.40152180989583 57.997182617187505 38.96282877604166 71.720947265625 67.931005859375 239.256572265625 
54 T05_15.jpg 100.09302408854167 104.66487630208334 254.46176432291668 70.922197265625 51.64432291666667 61.89464192708333 54.070384114583334 89.00029947916667 242.03146158854167 
55 T05_16.jpg 100.19015462239582 98.39778645833334 254.99572916666665 70.5666015625 58.7368310546875 61.351116536458335 77.8455859375 98.22318684895833 246.23531575520835 
56 T05_17.jpg 100.83590006510417 99.0864794921875 254.99796223958333 72.1047216796875 57.6646533203125 63.270966796875 76.820830078125 99.41638020833334 247.573486328125 
57 T05_18.jpg 98.89486490885417 87.68004557291667 254.9204280598958 52.07971028645834 53.28044270833333 38.74644368489584 67.18050455729167 63.95173502604167 249.28787760416665 
58 T05_19.jpg 98.6738623046875 97.81623046875 254.8483740234375 68.922822265625 55.93818684895833 54.662662760416666 69.2848828125 89.360166015625 246.01859700520833 
59 T05_20.jpg 106.06419270833334 91.0510595703125 254.99054850260416 53.14402506510417 61.34231608072916 41.30857421875 77.591474609375 67.952744140625 245.36354166666666 
60 T05_21.jpg 95.05036458333333 98.3820166015625 254.26163899739583 63.025211588541666 49.88406412760416 50.00044270833334 59.92423828125 75.33136393229167 235.36098307291667 
61 T05_22.jpg 104.81021158854168 100.11985514322916 254.76333170572917 63.691456705729166 57.02522786458333 48.022705078125 69.30109700520833 76.60349934895834 241.56134765625 
62 T05_23.jpg 101.39919270833333 99.45181803385417 254.95448730468752 71.8252587890625 59.6346044921875 60.08618001302083 71.11382161458333 93.91307291666666 241.966630859375 
63 T05_24.jpg 98.80384440104167 102.04581705729166 254.569873046875 71.16081380208334 57.08564453125 58.02879231770834 66.81581380208333 82.14270833333333 239.335126953125 
64 T05_25.jpg 94.45903971354167 93.22493977864583 254.68818684895834 50.0898046875 45.372799479166666 39.32607421875 50.35605794270833 61.02745768229167 242.93311197916665 
65 T05_26.jpg 103.44604654947918 105.68734212239585 254.998359375 78.83111328125 59.93122884114584 66.83972493489583 67.9185546875 97.821748046875 243.88765299479167 
66 T05_27.jpg 103.03626953125001 101.0278662109375 254.95451497395834 73.67100423177084 59.18547037760417 61.030652669270836 67.555048828125 92.43784830729167 244.62688802083332 
67 T05_28.jpg 102.3829638671875 103.11913411458333 254.3933284505208 70.397998046875 59.47354817708333 62.96810384114583 58.95914388020833 82.43131184895833 242.67010416666668 
68 T05_29.jpg 112.34407714843749 101.22416829427084 254.6758837890625 76.32882486979167 67.2493115234375 67.1706005859375 74.098896484375 103.39008138020833 238.493515625 
69 T05_30.jpg 90.40946940104166 95.74071940104167 254.8602392578125 58.142605794270835 43.192233072916665 46.86963704427083 49.0033984375 69.02249348958334 247.264404296875 
70 T05_31.jpg 89.04549479166667 99.32219563802083 254.80035481770835 66.00273111979166 44.48985188802084 55.044378255208336 49.46000651041667 78.43930989583333 247.40328776041667 
71 T05_32.jpg 93.91377278645834 93.262353515625 254.7776220703125 54.20485677083333 45.67876953125 42.822711588541665 51.06444661458333 60.06774739583334 246.24763346354166 
72 T05_33.jpg 98.45433268229166 97.90550455729166 254.85642252604165 62.404296875 53.334755859374994 50.31253580729167 61.227841796875 72.158759765625 246.61963216145833 
73 T05_34.jpg 99.32769368489583 94.32960774739584 254.90602213541666 56.500559895833334 50.40152018229166 45.65391276041667 59.774873046875 66.08169596354166 245.14814127604166 
74 T05_35.jpg 97.78723307291666 96.67680013020833 254.92554361979165 65.84662434895833 49.70278483072917 52.22919921875 53.508212890625 80.35454427083333 246.17299153645834 
75 T05_36.jpg 104.8522998046875 94.12201497395833 254.99317057291665 59.33733235677083 62.46693033854167 46.42726236979167 80.496025390625 74.11303385416667 246.7244921875 
76 T05_37.jpg 100.87949544270833 90.07389648437501 254.84251953125 56.00577799479167 51.68405110677084 43.318984375 54.9688671875 66.66824869791667 245.111484375 
77 T05_38.jpg 100.28111002604166 96.65660319010416 254.80353515625 60.1008203125 53.69899251302083 47.44691731770833 62.81484375 70.21503580729167 245.69521158854167 
78 T05_39.jpg 93.71406087239583 99.46614908854167 254.9980712890625 65.28689290364584 47.531847330729164 55.65634928385417 48.79361653645833 77.64626953125 250.04522786458332 
79 T05_40.jpg 93.35542154947916 95.07509928385417 254.89972005208335 54.104938151041665 45.02945638020833 44.06099446614583 49.459163411458334 62.599309895833336 248.95179036458333 
80 T12_01.jpg 111.8025244140625 110.30771809895833 254.90424967447916 83.12920084635417 65.0790478515625 70.57616048177084 77.80488932291667 102.63205729166667 249.64876953125 
81 T12_02.jpg 113.15591145833332 110.81583821614583 254.919365234375 84.85521321614583 68.27342122395834 72.37063151041667 80.46240885416667 102.76222330729166 249.950029296875 
82 T12_03.jpg 111.89359375000001 98.26561523437499 254.91452962239583 60.58935709635416 59.417775065104166 47.775091145833336 71.22455078125 72.68746744791666 249.767138671875 
83 T12_04.jpg 109.74421549479166 101.38126627604167 254.84929524739584 64.93373372395833 60.340335286458334 51.86451822916666 72.4977734375 78.068173828125 247.65564778645833 
84 T12_05.jpg 109.77147623697917 85.55918457031251 254.9234228515625 46.400646158854165 55.302433268229166 36.1187060546875 64.19099609375 55.060419921875 250.57200520833334 
85 T12_06.jpg 111.0905517578125 84.62121256510417 254.88177408854165 46.009402669270834 55.714558919270836 35.66234537760417 64.445849609375 54.62466796875 250.01472005208333 
86 T12_07.jpg 111.0713525390625 91.01115397135416 254.90291666666667 54.0361083984375 57.8760546875 42.84062825520834 68.133515625 65.31483723958333 250.60087239583333 
87 T12_08.jpg 109.81182779947918 82.05177734374999 254.91495930989583 43.32052734375 54.484384765624995 33.83037760416667 61.651585286458335 51.33205078125 250.6796484375 
88 T12_09.jpg 110.68858235677084 82.73272135416667 254.92107747395835 46.13832845052083 54.529541015625 36.355854492187504 62.21052408854167 55.95109375 250.48050130208333 
89 T12_10.jpg 111.64562662760417 89.36954589843751 254.87819335937502 52.29882649739584 59.584171549479166 41.3427001953125 68.943955078125 62.490244140625 249.55356119791668 
90 T12_11.jpg 110.7131201171875 100.79698893229167 254.90600260416667 64.1745166015625 62.35029459635416 51.302626953125 74.25984049479166 75.83868815104167 250.04438802083334 
91 T12_12.jpg 110.4843115234375 84.6976611328125 254.91373535156248 47.1439208984375 53.93398111979167 37.0431494140625 61.920979817708336 57.174602864583335 251.489794921875 
92 T12_13.jpg 110.97086425781251 78.73870442708333 254.95428059895835 36.60623697916667 53.60658365885416 26.838933919270833 61.06858072916667 39.82894856770833 251.19298502604167 
93 T12_14.jpg 109.72092447916665 81.08114095052083 254.92436197916666 43.31756673177084 51.83962239583333 33.94702799479167 58.270234375 52.19972330729167 251.26285807291666 
94 T12_15.jpg 110.453994140625 91.06502278645834 254.91465657552084 53.605808919270835 55.42918782552083 42.377646484375 65.17486002604167 64.561962890625 250.39013020833335 
95 T12_16.jpg 116.59901529947916 109.45743652343751 254.90677571614583 81.12265299479166 71.04347981770835 68.11243001302083 81.57551106770833 98.28920247395833 247.14404947916665 
96 T12_17.jpg 113.77985188802083 110.24891276041666 254.79832356770834 83.24041666666666 70.87961263020833 70.21156087239584 82.79154296875 100.68966471354166 244.755576171875 
97 T12_18.jpg 113.2507568359375 111.160029296875 254.79207194010417 85.09461914062501 72.03076334635418 72.4562158203125 84.0949609375 102.116142578125 247.36773111979167 
98 T12_19.jpg 114.0242919921875 111.58888346354166 254.75289550781253 85.69204915364583 72.37795247395833 73.00751627604166 84.15310872395834 102.49862955729166 245.96569661458332 
99 T12_20.jpg 110.45382649739582 80.5505615234375 254.84848958333333 43.10426595052083 55.02849446614583 33.83107584635417 61.72926432291667 51.33887369791667 249.63254231770833 
100 T12_21.jpg 111.77819173177085 86.51292154947916 254.82922200520832 49.698299153645834 60.7943115234375 39.44918131510417 69.48396158854166 59.04856770833333 247.85187825520833 
101 T12_22.jpg 109.2320751953125 75.60490397135416 254.87715169270834 37.90861653645833 53.433818359374996 29.1668701171875 59.74935546875 45.07539388020833 249.63673177083334 
102 T12_23.jpg 109.72619303385417 86.50107584635417 254.78303385416666 49.275307617187494 58.27849446614583 38.704029947916666 67.21094401041667 59.49396484375 248.11507161458334 
103 T12_24.jpg 109.43732747395833 83.93464518229166 254.90067220052083 45.0269140625 55.90647298177083 34.8925146484375 64.656630859375 53.21729166666667 249.88596028645833 
104 T12_25.jpg 111.7044482421875 81.66470052083332 254.94309244791668 43.2492333984375 56.236751302083334 33.686106770833334 63.52803059895833 50.70265950520833 249.84440104166666 
105 T12_26.jpg 103.55601888020834 63.1688232421875 254.974423828125 27.292412109375 41.1837646484375 20.415411783854168 42.186494140625 34.3838671875 250.92455403645835 
106 T12_27.jpg 105.92861490885417 69.63070475260417 254.98412923177082 31.66889973958333 44.50613932291667 23.867215169270835 48.41908528645833 39.40405924479167 251.38915364583335 
107 T12_28.jpg 116.80708333333334 110.80729817708334 254.90519368489583 84.25173665364584 73.47637532552082 71.52477864583334 84.43030924479167 100.698662109375 246.893828125 
108 T12_29.jpg 116.80031249999999 112.22325520833334 254.83274739583334 87.7517041015625 72.72081217447916 75.78970703125 83.37730143229167 105.41535807291666 246.90953450520834 
109 T12_30.jpg 115.54078776041666 108.29282389322915 254.9019954427083 78.47550130208333 70.46774088541667 65.23785970052083 81.62760091145833 93.57022786458333 247.35876302083332 
110 T12_31.jpg 116.22597981770834 106.64943359374999 254.85842936197918 75.18309407552084 69.03898600260416 62.394817708333335 80.26352864583333 89.5555859375 249.71681966145835 
111 T12_32.jpg 113.0095849609375 108.40587239583334 254.83572753906247 78.28431152343751 66.26874348958333 64.76663248697918 78.08719401041667 95.63502604166666 247.964658203125 
112 T12_33.jpg 114.523984375 105.6287841796875 254.69748860677083 72.90392252604167 68.02891764322916 59.17867513020833 79.22291666666666 89.128369140625 247.49957356770832 
113 T12_34.jpg 114.74435872395833 104.42397786458334 254.84769856770833 72.13431966145833 69.43063639322918 59.183474934895834 81.35237955729167 85.82130208333334 248.79694661458333 
114 T12_35.jpg 114.09896484375 106.24548828125 254.84636555989584 74.7685400390625 69.7748583984375 61.35992350260416 81.56115234375 89.09666015625 247.378427734375 
115 T12_36.jpg 113.07799641927083 105.30794270833333 254.78676432291667 72.33626953125 68.26229654947917 59.1677099609375 80.138740234375 87.29301106770833 247.392783203125 
116 T12_37.jpg 113.17238932291667 105.90085286458333 254.75363444010418 73.43034179687501 67.18977050781251 60.41229166666667 78.937177734375 87.59978190104167 248.69458333333333 
117 T12_38.jpg 112.60848144531249 105.955078125 254.73743326822915 73.64399251302083 65.37974283854166 60.20005696614584 76.49884114583334 92.85247721354166 246.01994140625 
118 T12_39.jpg 114.1579736328125 103.101875 254.66702473958333 68.49502278645834 65.59168782552084 55.08972330729166 76.24263997395833 84.523154296875 247.29942057291666 
119 T12_40.jpg 112.92687337239583 110.85929524739583 254.83095052083334 84.55576334635417 69.59660319010416 71.85114908854166 81.927607421875 102.48176432291666 247.37802408854168 
120 T13_01.jpg 101.42117024739584 103.7162646484375 254.81558268229168 68.73233561197917 46.0426904296875 56.70743326822917 55.21536783854167 91.43132486979167 250.42259114583334 
121 T13_02.jpg 101.88626302083333 102.48706705729167 254.94185872395832 67.94594075520834 48.33420572916667 55.061259765624996 61.27340169270833 91.32812825520833 249.89930338541666 
122 T13_03.jpg 99.1618603515625 101.5418994140625 254.83568359375 63.849794921875 43.11401529947916 52.01043619791666 50.026370442708334 83.42230143229166 250.33813151041667 
123 T13_04.jpg 101.69998209635418 100.62035481770835 254.956328125 66.13550618489583 48.336209309895835 53.67521647135417 59.84493489583333 90.45670247395833 249.2479296875 
124 T13_05.jpg 97.09300944010417 96.50895507812501 254.91482747395833 62.18402018229166 48.622529296875 50.4581640625 59.162786458333336 87.71453125 246.50546875 
125 T13_06.jpg 98.85770345052083 95.5290673828125 254.74530924479166 61.07299641927084 54.1747705078125 48.77958658854167 68.27827473958334 83.73920572916667 243.89108072916667 
126 T13_07.jpg 92.53185546875 94.8697802734375 254.36112141927083 55.804814453125 45.69750813802084 45.182293294270835 51.15079427083333 69.376259765625 246.59609375 
127 T13_08.jpg 94.11599283854167 93.812158203125 254.41823893229167 58.06198893229167 47.119397786458336 47.000973307291666 52.365771484375 73.36687174479167 247.34824869791666 
128 T13_09.jpg 100.79672688802083 102.1759326171875 254.75663411458333 66.75417805989584 47.36352213541667 55.36301920572917 54.1568359375 88.85157877604166 249.97835611979167 
129 T13_10.jpg 101.7220458984375 103.12810221354167 254.95308430989584 70.02322591145833 47.02166666666666 57.257571614583334 58.67710611979167 92.36561848958333 251.699130859375 
130 T13_11.jpg 105.01962076822916 105.42460611979166 254.88222167968752 72.50993489583334 50.115001627604165 60.34952473958333 61.477076822916665 94.596298828125 252.01545247395833 
131 T13_12.jpg 106.23282389322917 105.43215983072916 254.98007812499998 73.65755696614583 52.16960123697916 61.37957845052084 65.95673177083333 99.379130859375 251.07276692708334 
132 T13_13.jpg 98.32320312499999 97.29399576822917 254.92185872395834 61.97108072916666 43.4261767578125 50.258066406249995 55.062838541666665 88.07956705729167 251.03290690104166 
133 T13_14.jpg 97.0850048828125 96.05313802083333 254.56939290364585 61.000284830729164 52.60097493489583 48.66598307291667 65.76943033854167 77.826806640625 244.85680989583332 
134 T13_15.jpg 108.1777001953125 107.81789062499999 254.94815592447918 77.08560546875 55.92199544270834 65.03294759114584 68.14316080729166 99.54925130208333 251.185576171875 
135 T13_16.jpg 105.80119791666667 104.54609375000001 254.94238932291665 70.95981770833333 51.174739583333334 57.76076009114583 64.0635546875 91.0889453125 251.49863932291666 
136 T13_17.jpg 97.81591634114582 95.1758251953125 254.85424153645835 59.24423990885417 43.917226562500005 47.68331705729167 52.83876302083333 76.87046549479167 250.63650716145833 
137 T13_18.jpg 97.4280810546875 93.62074381510416 254.8006103515625 58.171142578125 44.70035481770833 46.29161946614583 55.069567057291664 81.19313151041666 250.187783203125 
138 T13_19.jpg 99.29723795572917 96.83628743489584 254.94150553385418 57.96263997395833 41.88802571614583 45.03047037760417 53.944430338541665 78.60652018229166 251.84029622395835 
139 T13_20.jpg 98.4684521484375 98.46018717447916 254.92099283854168 62.56486328125 42.72831217447917 50.3367431640625 53.9361328125 85.311943359375 251.521005859375 
140 T13_21.jpg 104.2658056640625 103.9472412109375 254.98574869791668 69.73246744791666 49.39347981770833 56.83737630208333 61.61874348958333 89.86223307291667 252.16087565104166 
141 T13_22.jpg 97.53220703125 99.0656396484375 254.8471630859375 62.281048177083335 44.361357421875 49.362506510416665 53.21505208333333 80.67048502604166 249.93025390625 
142 T13_23.jpg 95.72527994791668 98.35852864583333 254.78897298177083 60.61017740885417 46.50781087239584 47.9793212890625 56.227734375 76.331611328125 249.47417317708334 
143 T13_24.jpg 94.39371256510417 97.32477701822916 254.77298502604168 58.820795898437495 45.3207861328125 47.125341796875 50.255078125 71.95473958333334 250.08239908854168 
144 T13_25.jpg 94.88294921875001 95.28191080729167 254.82397298177085 59.423745117187494 47.525595703125 48.30256673177084 55.839111328125 74.73946940104166 249.848662109375 
145 T13_26.jpg 106.61150716145833 107.82823730468749 254.96685384114585 74.56208984375 53.69270345052083 61.5599169921875 66.50576822916666 93.91078125 251.80318033854167 
146 T13_27.jpg 94.99251790364583 97.304541015625 254.854521484375 57.93741373697917 38.6566748046875 45.71897135416667 47.20694010416667 75.57197265625 251.30591796875 
147 T13_28.jpg 95.39899088541667 96.30514811197916 254.952978515625 58.133813476562494 38.90113118489583 45.60050455729167 50.16472005208333 80.60260091145834 251.36889322916667 
148 T13_29.jpg 101.65624837239582 100.92429850260416 254.93354980468752 63.70675455729167 44.159560546875 50.874461263020834 54.695201822916665 83.21052408854166 251.46864583333334 
149 T13_30.jpg 105.87181640624999 108.02695475260415 254.950908203125 75.22168619791667 52.16523600260417 62.380029296875 64.1660546875 93.771455078125 251.12191731770832 
150 T13_31.jpg 96.64619791666667 97.50804850260417 254.8354671223958 59.23296223958333 40.468681640625 46.8349609375 49.37150390625 77.27084635416666 251.458515625 
151 T13_32.jpg 103.6891845703125 104.3895556640625 254.78307291666667 69.1300244140625 47.40099446614583 56.706928710937504 56.70236002604167 90.266171875 250.25169921875 
152 T13_33.jpg 106.93914388020833 108.99782552083333 254.89512532552084 77.3596435546875 54.5849951171875 64.83715494791666 66.57441731770834 97.11639973958333 250.91177734375 
153 T13_34.jpg 100.587802734375 101.07438639322916 254.877099609375 65.1816064453125 44.20180013020833 52.11645670572916 54.126002604166665 84.62129557291667 251.55643880208333 
154 T13_35.jpg 96.13043619791667 94.80902506510417 254.90021647135416 61.58950032552083 51.730237630208336 51.434912109375006 59.70315755208333 88.53161458333334 246.15073567708333 
155 T13_36.jpg 97.60810872395834 97.9451025390625 254.80886555989582 59.50032877604167 44.081012369791665 46.26916829427083 52.192545572916664 74.57056315104167 249.54083984375 
156 T13_37.jpg 100.56189127604168 101.24299967447917 254.9547021484375 65.5179736328125 46.3303076171875 52.48820475260416 58.676458333333336 86.34110026041667 251.01150716145833 
157 T13_38.jpg 100.42557942708333 97.723779296875 254.9654052734375 60.66738118489583 44.852666015625005 48.034916992187505 56.14388671875 81.93992838541666 251.392578125 
158 T13_39.jpg 92.77874674479168 95.37862467447917 254.96419596354167 56.50987141927084 38.68278483072917 43.023037109375 50.289752604166665 73.54994791666667 250.53897135416668 
159 T13_40.jpg 93.94727539062501 96.54884765624999 254.83343098958335 55.85099283854167 40.4497314453125 43.82855143229166 47.010888671875 69.34683919270833 250.36521809895834 
160 T18_01.jpg 108.44697591145834 93.66872884114584 254.14504069010417 55.83630696614583 75.94499348958334 43.540714518229166 88.01517252604167 63.39481119791667 222.28159830729166 
161 T18_02.jpg 107.0226806640625 99.18734375 254.01595865885417 65.22280598958334 75.86483561197917 54.40773763020833 86.17036458333334 75.22421875 216.26269205729167 
162 T18_03.jpg 110.34658040364583 92.78103678385418 254.2307421875 58.06836100260416 76.00103190104167 47.7160791015625 84.54768880208333 66.48283528645834 217.7325390625 
163 T18_04.jpg 119.4917431640625 108.17298014322915 252.60712565104166 81.7582470703125 85.79940104166667 70.21159505208334 94.98204427083333 96.42906575520833 209.23493489583333 
164 T18_05.jpg 108.92155924479167 109.50809407552083 254.00558430989582 82.02976725260416 80.77026041666667 70.27067545572916 93.17267578125 95.378623046875 216.33597330729165 
165 T18_06.jpg 109.15549804687501 101.04486328125 254.28653483072918 66.454912109375 77.6176123046875 55.46691569010417 86.91591796875 77.24184895833334 218.47145182291666 
166 T18_07.jpg 105.22175455729166 92.31080729166666 254.12306803385417 58.335255533854166 69.51491373697917 48.450278320312506 77.85442057291667 68.09015950520833 221.83506184895833 
167 T18_08.jpg 108.12563313802083 91.90047037760417 253.99963053385414 59.028701171875 71.94786946614583 49.0598291015625 80.85940104166667 70.15408528645834 221.15038736979167 
168 T18_09.jpg 115.32692382812499 101.840380859375 252.8584033203125 72.8238671875 77.28865234375 61.90328450520833 85.55984375 85.042275390625 216.661025390625 
169 T18_10.jpg 120.53055013020833 108.33120930989583 252.39426106770833 82.87611653645834 83.90489908854167 71.19024576822918 91.95310546875 98.640654296875 214.31830078125 
170 T18_11.jpg 113.25395670572917 100.83565755208333 252.63870442708333 70.70488444010417 76.38048502604167 59.609293619791664 84.72156901041667 82.48167317708334 212.36569661458333 
171 T18_12.jpg 111.40282552083335 111.53021647135417 253.7506396484375 86.43396809895833 82.15395182291667 75.19269856770833 93.45022786458334 102.34905598958333 212.65619140625 
172 T18_13.jpg 110.00521158854167 80.28270345052084 254.54471354166668 45.288203124999995 66.17890299479166 36.65440266927084 71.91763671875 53.30081380208333 233.2809375 
173 T18_14.jpg 115.43925781249999 99.14458170572917 254.41493815104167 61.95420735677084 77.90075520833334 50.62674967447917 88.391845703125 70.10034830729167 227.04572916666666 
174 T18_15.jpg 118.08041178385417 97.23552571614583 254.2132421875 59.469677734375004 78.55081380208333 48.38913736979167 87.57612955729167 67.62115559895834 223.91197916666667 
175 T18_16.jpg 119.42967936197917 88.48845540364584 254.0563525390625 51.143009440104166 74.31769694010416 41.65577799479167 79.90393880208333 58.612086588541665 231.45540690104167 
176 T18_17.jpg 119.05847819010417 74.80239095052083 254.13640787760414 39.877942708333336 65.6083251953125 32.001368815104165 66.90117513020833 46.503170572916666 235.36935872395833 
177 T18_18.jpg 119.705654296875 76.33353352864583 253.96917317708335 40.13111165364583 66.71313313802084 32.33426432291667 67.639609375 47.10491861979167 230.02307291666668 
178 T18_19.jpg 116.17826009114583 110.51589192708333 254.00494791666665 84.01295247395834 82.61757649739585 71.7414501953125 93.80382486979167 99.67699869791667 217.706650390625 
179 T18_20.jpg 120.11859212239582 111.47689127604167 253.87288085937502 85.82973795572917 85.94571777343751 73.98185872395834 95.70280924479167 101.47592447916666 221.90472981770833 
180 T18_21.jpg 118.54861328125 110.69806640625 254.058984375 80.405498046875 83.003583984375 68.29848307291667 92.01080729166667 90.97586588541667 221.225751953125 
181 T18_22.jpg 118.97444498697917 105.02875651041666 254.13523274739583 70.88605631510416 85.2424169921875 59.850779622395834 95.00653645833333 78.64345703125 220.76614908854165 
182 T18_23.jpg 114.88411621093749 99.79309733072917 254.21361328125 67.014619140625 79.62215006510417 56.61083658854167 88.086552734375 75.221240234375 218.35160481770833 
183 T18_24.jpg 114.59064615885416 98.5737744140625 254.23400390625 63.38127115885416 80.04504557291668 52.714326171875 89.52338541666667 73.36483723958334 220.77648111979167 
184 T18_25.jpg 112.85927734375 99.08452962239583 254.48018391927084 64.12137858072917 76.73178059895832 53.492931315104165 86.64419921875 74.63021484375 220.72685546875 
185 T18_26.jpg 118.1189208984375 101.93115397135416 254.0398876953125 69.77022135416667 87.62321126302083 58.683377278645835 99.31762369791667 77.186708984375 216.18876627604166 
186 T18_27.jpg 118.079375 89.32262858072917 252.3653857421875 55.13685709635416 77.22512532552084 45.26282389322917 82.62996744791667 64.56125651041667 213.99945963541666 
187 T18_28.jpg 117.05147460937499 111.7838427734375 254.0440218098958 81.169482421875 84.9828125 68.106171875 97.29076171875 87.87803385416667 220.62433919270833 
188 T18_29.jpg 119.54859863281251 108.54838541666666 253.36393229166669 78.1179248046875 87.0097021484375 66.13216145833333 96.95609375 86.58507486979167 219.12192708333333 
189 T18_30.jpg 111.51423990885417 82.38504231770833 253.77189778645834 48.1162744140625 66.36138020833334 38.97302897135417 71.67711588541667 56.979641927083335 218.37015950520833 
190 T18_31.jpg 113.69812988281251 94.89658203125 253.88794270833336 60.96415852864583 76.3713232421875 50.48135579427083 84.558173828125 71.37267252604167 219.793759765625 
191 T18_32.jpg 114.7729541015625 87.42917968750001 253.88653157552085 50.45725911458334 73.11025065104167 41.15566569010417 77.62277994791667 58.69690755208333 220.39215494791668 
192 T18_33.jpg 115.8529345703125 94.92875162760416 253.6776318359375 60.316171874999995 77.192998046875 50.00298502604167 82.918740234375 70.07371419270834 218.560517578125 
193 T18_34.jpg 116.5807958984375 117.2669775390625 254.04358723958333 96.44417317708334 88.37711263020833 85.6084033203125 100.57315755208333 108.79086263020834 210.43968424479166 
194 T18_35.jpg 116.94252604166667 117.86308919270834 254.377802734375 97.23538899739583 87.96762044270832 85.961318359375 100.44482421875 108.4407421875 216.89495768229168 
195 T18_36.jpg 116.83846516927083 117.96003092447916 254.10972819010416 96.03630696614583 88.56661946614584 85.49611328125 101.27091796875 107.516005859375 213.33538411458332 
196 T18_37.jpg 115.45823567708334 107.66025227864583 253.57321126302082 77.23948567708334 81.52093424479168 63.455478515625 93.431123046875 90.63759440104167 206.68655598958333 
197 T18_38.jpg 114.27352864583334 110.9643212890625 253.29966634114584 85.02205403645834 83.73505859375 72.1757421875 94.99759440104167 98.97600911458333 202.09001302083334 
198 T18_39.jpg 114.716796875 115.03336588541666 253.7185693359375 90.13731119791666 84.04263346354168 78.04029947916666 95.72097981770834 103.163994140625 203.063515625 
199 T18_40.jpg 117.599462890625 116.90687337239584 254.41948404947917 95.92427408854167 85.85286783854167 84.9275537109375 97.13457682291667 108.12748046875 219.83642903645833 
200 T25_01.jpg 99.07464029947917 88.92386067708333 249.48282389322918 46.0168994140625 48.22955078125 33.20346516927083 47.34849283854167 61.2173046875 195.271103515625 
201 T25_02.jpg 98.65938313802083 84.9197119140625 251.03744303385417 38.616604817708335 53.988933919270835 29.841726888020833 56.34280924479167 57.010048828125 203.64173502604166 
202 T25_03.jpg 106.14894856770835 90.8749853515625 252.6931201171875 45.6445068359375 62.9195947265625 34.5718701171875 75.89787434895834 47.00689778645833 197.66274088541667 
203 T25_04.jpg 98.15500325520833 85.79096679687501 249.1727392578125 43.02776204427083 49.70724609375 30.708489583333332 49.472900390625 58.63906901041667 197.53508138020834 
204 T25_05.jpg 107.49975748697916 86.21378580729166 253.251494140625 42.76094563802083 51.42403157552083 29.843522135416663 67.17953450520834 54.18615559895834 190.24439127604165 
205 T25_06.jpg 100.82278971354167 85.38021321614583 253.69836100260417 43.4725341796875 53.21541666666667 30.093155924479166 60.474345703125 48.87365885416666 218.66931640625 
206 T25_07.jpg 99.994326171875 83.11326334635416 253.72678710937498 40.07038899739584 51.94676106770834 31.08048990885417 57.15712890625 63.04195963541667 211.24865559895832 
207 T25_08.jpg 100.45656575520833 90.50164388020832 252.71909830729166 45.89810872395833 48.80472330729167 37.066051432291665 49.80892252604167 68.89964518229166 199.843798828125 
208 T25_09.jpg 99.16933756510417 82.498359375 254.51511067708333 37.8250390625 46.046201171875 27.61395182291667 54.60302734375 40.556796875 202.91574869791665 
209 T25_10.jpg 105.66444661458334 92.29095540364582 253.43187662760414 47.985896809895834 60.4274365234375 38.08682779947917 66.890302734375 56.306318359375 214.63455729166665 
210 T25_11.jpg 100.8153125 84.8385693359375 251.54440592447918 38.43478515625 53.44786783854167 27.782916666666665 58.609609375 46.71684244791667 200.635791015625 
211 T25_12.jpg 94.25588541666667 72.82204915364584 253.9563916015625 28.047696940104167 39.84501627604167 19.982425130208334 38.923883463541664 36.572034505208336 195.67789713541666 
212 T25_13.jpg 102.01035481770833 96.35082845052082 252.22447916666667 55.23008626302084 54.6964111328125 42.20881510416667 62.02561848958333 72.31234375 203.803046875 
213 T25_14.jpg 105.96089518229167 78.526708984375 254.16882649739586 33.850735677083335 55.614117838541674 23.277384440104168 69.26694010416666 43.541064453125 189.78581380208334 
214 T25_15.jpg 104.46236979166667 74.5396875 253.8692919921875 30.381056315104168 51.72210611979167 21.273595377604167 61.640774739583335 38.060299479166666 183.08917317708332 
215 T25_16.jpg 107.59482584635417 98.266748046875 252.874326171875 64.02123860677082 68.0180712890625 49.56038899739583 79.99624348958334 82.61581380208334 210.95940755208332 
216 T25_17.jpg 106.42092610677084 98.76259440104167 253.56817545572918 63.00792154947917 67.4580029296875 47.05812337239583 82.78951171875 73.710439453125 203.1180859375 
217 T25_18.jpg 104.34916829427084 88.06612304687499 254.28152506510418 50.696611328125 59.101886393229165 38.533666992187506 67.63313151041666 67.13244140625 219.31442708333333 
218 T25_19.jpg 102.4865185546875 90.45856119791667 254.6033203125 48.34628092447917 50.129259440104164 36.868450520833335 58.731572265625 64.39844401041667 218.36543619791667 
219 T25_20.jpg 101.49455078125 72.71465006510417 254.902783203125 30.809514973958333 44.772255859375 22.617052408854168 50.579638671875 40.445162760416665 223.85371744791667 
220 T25_21.jpg 102.60044759114584 72.2493896484375 254.75117024739583 29.697967122395834 47.40914876302084 21.69530436197917 51.294326171875 37.70286458333333 219.84611979166667 
221 T25_22.jpg 105.65027180989583 99.93714192708333 254.34087727864585 58.2270654296875 55.431735026041665 44.88065266927083 64.06293619791667 67.74561197916667 210.82381510416667 
222 T25_23.jpg 107.12138834635417 93.938857421875 254.5160400390625 58.27031575520833 55.45480305989584 43.53983235677083 68.502626953125 76.82884765625 207.96121744791665 
223 T25_24.jpg 102.602138671875 88.50777018229167 254.34196289062498 45.9396435546875 55.313671875 34.238505859374996 62.948199869791665 51.244423828125 212.77848307291666 
224 T25_25.jpg 101.29756022135416 94.59809895833334 254.23583170572917 60.05037109375 60.148533528645835 45.68948893229167 70.05995442708333 70.80154947916667 220.78444661458335 
225 T25_26.jpg 103.55011881510416 88.43546712239583 254.59299316406248 45.225436197916665 57.2837060546875 32.96446126302084 68.84997395833334 56.214625651041665 216.59743815104167 
226 T25_27.jpg 102.42191894531251 77.53039388020832 254.77049967447917 27.730436197916667 50.52099772135416 20.438958333333332 62.74026692708333 28.427008463541668 214.16886393229166 
227 T25_28.jpg 105.2448046875 88.35332356770834 254.49141927083332 49.002102864583335 62.074482421875004 35.565304361979166 77.35203125 59.103525390625 214.62491536458333 
228 T25_29.jpg 102.87623697916666 90.36421223958334 254.53322753906252 48.99719889322917 60.302099609375006 36.480237630208336 74.56482421875 57.806435546875 220.88525390625 
229 T25_30.jpg 100.22085123697917 100.98165852864582 254.44202799479166 57.027900390625 53.64741536458334 46.82605143229166 65.823544921875 80.25586588541667 203.41337565104166 
230 T25_31.jpg 101.3632763671875 96.02344889322917 253.924921875 58.272786458333336 58.079073893229165 45.2317529296875 71.80875651041667 67.86081705729167 214.54340169270833 
231 T25_32.jpg 99.6926123046875 95.39574544270833 254.14242513020832 58.50816243489584 54.163823242187505 47.621608072916665 61.625172526041666 74.48330078125 222.958857421875 
232 T25_33.jpg 102.35559895833333 96.08920735677083 254.016025390625 62.8031201171875 60.864391276041665 48.54917643229167 71.174150390625 74.10064127604167 216.281259765625 
233 T25_34.jpg 105.77819986979166 98.52349446614583 254.3845068359375 59.32288411458333 64.91553059895833 45.57431966145833 83.90001953125 77.33634440104167 204.361455078125 
234 T25_35.jpg 101.91528157552082 96.69263346354167 254.55722819010418 55.434978841145835 55.284521484375 42.60638671875 70.105458984375 74.57748046875 210.96024088541665 
235 T25_36.jpg 102.00804850260417 79.70634928385417 254.76854166666666 40.026279296875 52.464894205729166 28.728396809895834 59.614557291666664 50.246959635416665 220.66639322916666 
236 T25_37.jpg 97.4357421875 70.46297688802083 254.87421875 28.759064127604166 41.37258463541667 20.959866536458335 45.26412109375 33.831149088541665 233.06287760416666 
237 T25_38.jpg 103.36825358072917 64.15264322916667 254.49327473958334 25.8146826171875 45.52529296875 18.104791666666667 46.547281901041664 31.94488606770833 224.21884440104168 
238 T25_39.jpg 100.2252294921875 82.62897135416668 254.21309244791667 43.494775390625 45.959010416666665 31.698504231770833 49.843935546875 58.99809244791667 213.61950520833332 
239 T25_40.jpg 100.4106494140625 63.88408691406251 254.82302408854167 24.20466634114583 44.642941080729166 16.21697265625 51.76222330729167 26.627652994791667 215.01919270833332 
