81 99	81 98
82 100	82 98
83 101	83 99
84 103	84 100
85 104	85 100
87 105	87 101
88 106	88 101
89 107	89 102
90 109	90 103
91 110	91 103
92 111	92 104
93 112	93 105
94 114	94 106
95 115	95 106
96 116	96 107
97 117	97 107
98 118	98 108
99 120	99 109
100 121	100 110
101 122	101 110
102 123	102 111
103 124	103 111
104 126	104 113
105 127	105 113
106 128	106 114
107 129	107 114
108 131	108 116
109 132	109 116
110 133	110 117
111 134	111 117
112 135	112 118
113 137	113 119
114 138	114 120
115 139	115 121
116 140	116 121
117 142	117 122
118 143	118 123
119 144	119 124
120 145	120 124
121 146	121 125
122 148	122 126
123 149	123 127
124 150	124 128
125 151	125 128
126 152	126 129
127 154	127 130
128 155	128 131
130 156	130 132
131 157	131 132
132 159	132 134
133 160	133 134
134 161	134 135
135 162	135 136
136 163	136 136
137 165	137 138
138 166	138 138
139 167	139 139
140 168	140 140
141 170	141 141
142 171	142 142
143 172	143 143
144 173	144 143
145 174	145 144
146 176	146 145
147 177	147 146
148 178	148 147
149 179	149 147
150 181	150 149
151 182	151 150
152 183	152 150
153 184	153 151
154 185	154 152
155 187	155 153
156 188	156 154
157 189	157 155
158 190	158 155
159 191	159 156
160 193	160 158
161 194	161 158
162 195	162 159
163 196	163 160
164 198	164 161
165 199	165 162
166 200	166 163
167 201	167 164
168 202	168 164
169 204	169 166
170 205	170 167
171 206	171 167
173 207	173 168
174 209	174 170
175 210	175 170
176 211	176 171
177 212	177 172
178 213	178 173
179 215	179 174
180 216	180 175
181 217	181 176
182 218	182 177
183 219	183 177
184 221	184 179
185 222	185 180
186 223	186 180
187 224	187 181
188 226	188 183
189 227	189 184
190 228	190 184
191 229	191 185
192 230	192 186
193 232	193 188
194 233	194 188
195 234	195 189
196 235	196 190
197 236	197 191
198 238	198 192
199 239	199 193
200 240	200 194
201 241	201 195
202 243	202 196
203 244	203 197
204 245	204 198
205 246	205 199
206 247	206 200
207 249	207 201
208 250	208 202
209 251	209 203
210 252	210 204
211 254	211 205
212 255	212 206
213 256	213 207
214 257	214 208
216 258	216 209
217 260	217 210
218 261	218 211
219 262	219 212
220 263	220 213
221 264	221 213
222 266	222 215
223 267	223 216
224 268	224 217
225 269	225 218
226 271	226 219
227 272	227 220
228 273	228 221
229 274	229 222
230 275	230 223
231 277	231 224
232 278	232 225
233 279	233 226
234 280	234 227
235 282	235 229
236 283	236 229
237 284	237 230
238 285	238 231
239 286	239 232
240 288	240 234
241 289	241 234
242 290	242 235
243 291	243 236
244 292	244 237
245 294	245 239
246 295	246 240
247 296	247 240
248 297	248 241
249 299	249 243
250 300	250 244
251 301	251 245
252 302	252 246
253 303	253 246
254 305	254 248
255 306	255 249
256 307	256 250
257 308	257 251
259 310	259 252
260 311	260 253
261 312	261 254
262 313	262 255
263 314	263 256
264 316	264 258
265 317	265 258
266 318	266 259
267 319	267 260
268 320	268 261
269 322	269 263
270 323	270 264
271 324	271 265
272 325	272 265
273 327	273 267
274 328	274 268
275 329	275 269
276 330	276 270
277 331	277 271
278 333	278 272
279 334	279 273
280 335	280 274
281 336	281 275
282 337	282 276
283 339	283 278
284 340	284 278
285 341	285 279
286 342	286 280
287 344	287 282
288 345	288 283
289 346	289 284
290 347	290 285
291 348	291 285
292 350	292 287
293 351	293 288
294 352	294 289
295 353	295 290
296 355	296 292
297 356	297 293
298 357	298 293
299 358	299 294
300 359	300 295
302 361	302 297
303 362	303 298
304 363	304 299
305 364	305 300
306 365	306 300
307 367	307 302
308 368	308 303
309 369	309 304
310 370	310 305
311 372	311 307
312 373	312 308
313 374	313 308
314 375	314 309
315 376	315 310
316 378	316 312
317 379	317 313
318 380	318 314
319 381	319 315
320 382	320 316
321 384	321 317
322 385	322 318
323 386	323 319
324 387	324 320
325 389	325 322
326 390	326 323
327 391	327 324
328 392	328 324
329 393	329 325
330 395	330 327
331 396	331 328
332 397	332 329
333 398	333 330
334 399	334 331
335 401	335 332
336 402	336 333
337 403	337 334
338 404	338 335
339 406	339 337
340 407	340 338
341 408	341 339
342 409	342 340
343 410	343 340
345 412	345 342
346 413	346 343
347 414	347 344
348 415	348 345
349 417	349 347
350 418	350 348
351 419	351 348
352 420	352 349
353 421	353 350
354 423	354 352
355 424	355 353
356 425	356 354
357 426	357 355
358 427	358 356
359 429	359 357
360 430	360 358
361 431	361 359
362 432	362 360
363 434	363 362
364 435	364 363
365 436	365 364
366 437	366 364
367 438	367 365
368 440	368 367
369 441	369 368
370 442	370 369
371 443	371 370
372 444	372 371
373 446	373 373
374 447	374 373
375 448	375 374
376 449	376 375
377 451	377 377
378 452	378 378
379 453	379 379
380 454	380 380
381 455	381 381
382 457	382 382
383 458	383 383
384 459	384 384
385 460	385 385
386 461	386 386
388 463	388 388
389 464	389 389
390 465	390 389
391 466	391 390
392 468	392 392
393 469	393 393
394 470	394 394
395 471	395 395
396 472	396 396
397 474	397 397
398 475	398 398
399 476	399 399
400 477	400 400
401 478	401 401
402 480	402 403
403 481	403 404
404 482	404 405
405 483	405 405
406 485	406 407
407 486	407 408
408 487	408 409
409 488	409 410
410 489	410 411
411 491	411 413
412 492	412 413
413 493	413 414
414 494	414 415
415 495	415 416
416 497	416 418
417 498	417 419
418 499	418 420
419 500	419 420
420 502	420 422
421 503	421 423
422 504	422 424
423 505	423 425
424 506	424 426
425 508	425 428
426 509	426 428
427 510	427 429
428 511	428 430
429 512	429 431
430 514	430 433
432 515	432 434
433 516	433 435
434 517	434 436
435 519	435 437
436 520	436 438
437 521	437 439
438 522	438 440
439 523	439 441
440 525	440 443
441 526	441 443
442 527	442 444
443 528	443 445
444 529	444 446
445 531	445 448
446 532	446 449
447 533	447 450
448 534	448 450
449 536	449 452
450 537	450 453
451 538	451 454
452 539	452 455
453 540	453 456
454 542	454 458
455 543	455 458
456 544	456 459
457 545	457 460
458 546	458 461
459 548	459 463
460 549	460 464
461 550	461 465
462 551	462 465
463 553	463 467
464 554	464 468
465 555	465 469
466 556	466 470
467 557	467 471
468 559	468 472
469 560	469 473
470 561	470 474
471 562	471 475
472 563	472 476
473 565	473 478
475 566	475 479
476 567	476 479
477 568	477 480
478 570	478 482
479 571	479 483
480 572	480 484
481 573	481 485
482 574	482 485
483 576	483 487
484 577	484 488
485 578	485 489
486 579	486 490
487 580	487 491
488 582	488 492
489 583	489 493
490 584	490 494
491 585	491 495
492 586	492 496
493 588	493 498
494 589	494 499
495 590	495 499
496 591	496 500
497 593	497 502
498 594	498 503
499 595	499 504
500 596	500 505
501 597	501 505
502 599	502 507
503 600	503 508
504 601	504 509
505 602	505 510
506 603	506 511
507 605	507 512
508 606	508 513
509 607	509 514
510 608	510 515
511 610	511 517
512 611	512 518
513 612	513 518
514 613	514 519
515 614	515 520
516 616	516 522
518 617	518 523
519 618	519 524
520 619	520 524
521 620	521 525
522 622	522 527
523 623	523 528
524 624	524 529
525 625	525 530
526 626	526 530
527 628	527 532
528 629	528 533
529 630	529 534
530 631	530 535
531 633	531 536
532 634	532 537
533 635	533 538
534 636	534 539
535 637	535 540
536 639	536 542
537 640	537 542
538 641	538 543
539 642	539 544
540 643	540 545
541 645	541 547
542 646	542 548
543 647	543 548
544 648	544 549
545 650	545 551
546 651	546 552
547 652	547 553
548 653	548 554
549 654	549 554
550 656	550 556
551 657	551 557
552 658	552 558
553 659	553 559
554 660	554 560
555 662	555 561
556 663	556 562
557 664	557 563
558 665	558 564
559 666	559 565
561 668	561 566
562 669	562 567
563 670	563 568
564 671	564 569
565 673	565 571
566 674	566 571
567 675	567 572
568 676	568 573
569 677	569 574
570 679	570 576
571 680	571 576
572 681	572 577
573 682	573 578
574 683	574 579
575 685	575 581
576 686	576 582
577 687	577 582
578 688	578 583
579 689	579 584
580 691	580 586
581 692	581 587
582 693	582 587
583 694	583 588
584 696	584 590
585 697	585 591
586 698	586 592
587 699	587 593
588 700	588 593
589 702	589 595
590 703	590 596
591 704	591 597
592 705	592 598
593 706	593 598
594 708	594 600
595 709	595 601
596 710	596 602
597 711	597 603
598 712	598 603
599 714	599 605
600 715	600 606
601 716	601 607
602 717	602 608
604 719	604 609
605 720	605 610
606 721	606 611
607 722	607 612
608 723	608 613
609 725	609 614
610 726	610 615
611 727	611 616
612 728	612 617
613 729	613 618
614 731	614 619
615 732	615 620
616 733	616 621
617 734	617 622
618 735	618 623
619 737	619 624
620 738	620 625
621 739	621 626
622 740	622 627
623 742	623 629
624 743	624 629
625 744	625 630
626 745	626 631
627 746	627 632
628 748	628 634
629 749	629 634
630 750	630 635
631 751	631 636
632 752	632 637
633 754	633 639
634 755	634 639
635 756	635 640
636 757	636 641
637 758	637 642
638 760	638 644
639 761	639 644
640 762	640 645
641 763	641 646
642 764	642 647
643 766	643 649
644 767	644 649
645 768	645 650
647 769	647 651
648 771	648 653
649 772	649 654
650 773	650 654
651 774	651 655
652 775	652 656
653 777	653 658
654 778	654 659
655 779	655 659
656 780	656 660
657 781	657 661
658 783	658 663
659 784	659 664
660 785	660 664
661 786	661 665
662 787	662 666
663 789	663 668
664 790	664 669
665 791	665 669
666 792	666 670
667 794	667 672
668 795	668 673
669 796	669 673
670 797	670 674
671 798	671 675
672 800	672 677
673 801	673 678
674 802	674 678
675 803	675 679
676 804	676 680
677 806	677 682
678 807	678 683
679 808	679 683
680 809	680 684
681 810	681 685
682 812	682 687
683 813	683 688
684 814	684 688
685 815	685 689
686 816	686 690
687 818	687 692
688 819	688 692
690 820	690 693
691 821	691 694
692 823	692 696
693 824	693 697
694 825	694 697
695 826	695 698
696 827	696 699
697 829	697 701
698 830	698 702
699 831	699 702
700 832	700 703
701 833	701 704
702 835	702 706
703 836	703 707
704 837	704 707
705 838	705 708
706 839	706 709
707 841	707 711
708 842	708 711
709 843	709 712
710 844	710 713
711 845	711 714
712 847	712 716
713 848	713 716
714 849	714 717
715 850	715 718
716 851	716 719
717 853	717 720
718 854	718 721
719 855	719 722
720 856	720 723
721 858	721 725
722 859	722 725
723 860	723 726
724 861	724 727
725 862	725 728
726 864	726 730
727 865	727 730
728 866	728 731
729 867	729 732
730 868	730 733
731 870	731 734
733 871	733 735
734 872	734 736
735 873	735 737
736 874	736 738
737 876	737 739
738 877	738 740
739 878	739 741
740 879	740 742
741 880	741 743
742 882	742 744
743 883	743 745
744 884	744 746
745 885	745 747
746 886	746 748
747 888	747 749
748 889	748 750
749 890	749 751
750 891	750 752
751 892	751 753
752 894	752 754
753 895	753 755
754 896	754 756
755 897	755 757
756 899	756 758
757 900	757 759
758 901	758 760
759 902	759 761
760 903	760 762
761 905	761 763
762 906	762 764
763 907	763 765
764 908	764 766
765 909	765 766
766 911	766 768
767 912	767 769
768 913	768 770
769 914	769 771
770 915	770 771
771 917	771 773
772 918	772 774
773 919	773 775
774 920	774 775
776 921	776 776
777 923	777 778
778 924	778 779
779 925	779 780
780 926	780 780
781 927	781 781
782 929	782 783
783 930	783 784
784 931	784 785
785 932	785 785
786 933	786 786
787 935	787 788
788 936	788 789
789 937	789 789
790 938	790 790
791 939	791 791
792 941	792 793
793 942	793 794
794 943	794 794
795 944	795 795
796 946	796 797
797 947	797 798
798 948	798 798
799 949	799 799
800 950	800 800
801 952	801 802
802 953	802 803
803 954	803 803
804 955	804 804
805 956	805 805
806 958	806 807
807 959	807 807
808 960	808 808
809 961	809 809
810 962	810 810
811 964	811 812
812 965	812 812
813 966	813 813
814 967	814 814
815 968	815 815
816 970	816 817
817 971	817 817
818 972	818 818
820 973	820 819
821 974	821 820
822 976	822 821
823 977	823 822
824 978	824 823
825 979	825 824
826 980	826 825
827 982	827 826
828 983	828 827
829 984	829 828
830 985	830 829
831 986	831 830
832 988	832 831
833 989	833 832
834 990	834 833
835 991	835 834
836 992	836 835
837 994	837 836
838 995	838 837
839 996	839 838
840 997	840 839
841 998	841 840
842 1000	842 841
843 1001	843 842
844 1002	844 843
845 1003	845 844
846 1004	846 844
847 1006	847 846
848 1007	848 847
849 1008	849 848
850 1009	850 849
851 1010	851 849
852 1012	852 851
853 1013	853 852
854 1014	854 853
855 1015	855 854
856 1017	856 855
857 1018	857 856
858 1019	858 857
859 1020	859 858
860 1021	860 858
861 1023	861 860
863 1024	863 861
864 1025	864 862
865 1026	865 863
866 1027	866 863
867 1029	867 865
868 1030	868 866
869 1031	869 867
870 1032	870 868
871 1033	871 868
872 1035	872 870
873 1036	873 871
874 1037	874 872
875 1038	875 873
876 1039	876 873
877 1041	877 875
878 1042	878 876
879 1043	879 877
880 1044	880 877
881 1045	881 878
882 1047	882 880
883 1048	883 881
884 1049	884 882
885 1050	885 882
886 1051	886 883
887 1053	887 885
888 1054	888 886
889 1055	889 887
890 1056	890 887
891 1057	891 888
892 1059	892 890
893 1060	893 891
894 1061	894 892
895 1062	895 892
896 1063	896 893
897 1065	897 895
898 1066	898 896
899 1067	899 897
900 1068	900 897
901 1069	901 898
902 1071	902 900
903 1072	903 901
904 1073	904 901
906 1074	906 902
907 1075	907 903
908 1077	908 905
909 1078	909 906
910 1079	910 906
911 1080	911 907
912 1081	912 908
913 1083	913 910
914 1084	914 911
915 1085	915 911
916 1086	916 912
917 1087	917 913
918 1089	918 915
919 1090	919 916
920 1091	920 916
921 1092	921 917
922 1093	922 918
923 1095	923 920
924 1096	924 921
925 1097	925 921
926 1098	926 922
927 1099	927 923
928 1101	928 925
929 1102	929 926
930 1103	930 926
931 1104	931 927
932 1105	932 928
933 1107	933 930
934 1108	934 931
935 1109	935 931
936 1110	936 932
937 1111	937 933
938 1113	938 935
939 1114	939 936
940 1115	940 936
941 1116	941 937
942 1117	942 938
943 1119	943 940
944 1120	944 941
945 1121	945 941
946 1122	946 942
947 1123	947 943
949 1125	949 945
950 1126	950 946
951 1127	951 946
952 1128	952 947
953 1129	953 948
954 1131	954 950
955 1132	955 951
956 1133	956 952
957 1134	957 952
958 1135	958 953
959 1137	959 955
960 1138	960 956
961 1139	961 957
962 1140	962 957
963 1141	963 958
964 1143	964 960
965 1144	965 961
966 1145	966 962
967 1146	967 962
968 1147	968 963
969 1149	969 965
970 1150	970 966
971 1151	971 967
972 1152	972 967
973 1153	973 968
974 1155	974 970
975 1156	975 971
976 1157	976 972
977 1158	977 972
978 1159	978 973
979 1160	979 974
980 1162	980 976
981 1163	981 977
982 1164	982 978
983 1165	983 978
984 1166	984 979
985 1168	985 981
986 1169	986 982
987 1170	987 983
988 1171	988 983
989 1172	989 984
990 1174	990 986
992 1175	992 987
993 1176	993 988
994 1177	994 988
995 1178	995 989
996 1180	996 991
997 1181	997 992
998 1182	998 993
999 1183	999 994
1000 1184	1000 994
1001 1186	1001 996
1002 1187	1002 997
1003 1188	1003 998
1004 1189	1004 999
1005 1190	1005 999
1006 1192	1006 1001
1007 1193	1007 1002
1008 1194	1008 1003
1009 1195	1009 1004
1010 1196	1010 1005
1011 1198	1011 1006
1012 1199	1012 1007
1013 1200	1013 1008
1014 1201	1014 1009
1015 1202	1015 1010
1016 1204	1016 1011
1017 1205	1017 1012
1018 1206	1018 1013
1019 1207	1019 1014
1020 1208	1020 1015
1021 1210	1021 1016
1022 1211	1022 1017
1023 1212	1023 1018
1024 1213	1024 1019
1025 1214	1025 1020
1026 1216	1026 1022
1027 1217	1027 1022
1028 1218	1028 1023
1029 1219	1029 1024
1030 1220	1030 1025
1031 1222	1031 1027
1032 1223	1032 1027
1033 1224	1033 1028
1035 1225	1035 1029
1036 1226	1036 1030
1037 1227	1037 1031
1038 1229	1038 1033
1039 1230	1039 1033
1040 1231	1040 1034
1041 1232	1041 1035
1042 1233	1042 1036
1043 1235	1043 1038
1044 1236	1044 1039
1045 1237	1045 1039
1046 1238	1046 1040
1047 1239	1047 1041
1048 1241	1048 1043
1049 1242	1049 1044
1050 1243	1050 1045
1051 1244	1051 1045
1052 1245	1052 1046
1053 1247	1053 1048
1054 1248	1054 1049
1055 1249	1055 1050
1056 1250	1056 1051
1057 1251	1057 1051
1058 1253	1058 1053
1059 1254	1059 1054
1060 1255	1060 1055
1061 1256	1061 1056
1062 1257	1062 1057
1063 1259	1063 1058
1064 1260	1064 1059
1065 1261	1065 1060
1066 1262	1066 1061
1067 1263	1067 1062
1068 1265	1068 1063
1069 1266	1069 1064
1070 1267	1070 1065
1071 1268	1071 1066
1072 1269	1072 1067
1073 1270	1073 1068
1074 1272	1074 1069
1075 1273	1075 1070
1076 1274	1076 1071
1078 1275	1078 1072
1079 1276	1079 1073
1080 1278	1080 1075
1081 1279	1081 1075
1082 1280	1082 1076
1083 1281	1083 1077
1084 1282	1084 1078
1085 1284	1085 1080
1086 1285	1086 1081
1087 1286	1087 1081
1088 1287	1088 1082
1089 1288	1089 1083
1090 1290	1090 1085
1091 1291	1091 1086
1092 1292	1092 1087
1093 1293	1093 1087
1094 1294	1094 1088
1095 1296	1095 1090
1096 1297	1096 1091
1097 1298	1097 1092
1098 1299	1098 1093
1099 1300	1099 1093
1100 1301	1100 1094
1101 1303	1101 1096
1102 1304	1102 1097
1103 1305	1103 1098
1104 1306	1104 1099
1105 1307	1105 1100
1106 1309	1106 1101
1107 1310	1107 1102
1108 1311	1108 1103
1109 1312	1109 1104
1110 1313	1110 1105
1111 1315	1111 1106
1112 1316	1112 1107
1113 1317	1113 1108
1114 1318	1114 1109
1115 1319	1115 1110
1116 1321	1116 1112
1117 1322	1117 1112
1118 1323	1118 1113
1119 1324	1119 1114
1121 1325	1121 1115
1122 1327	1122 1117
1123 1328	1123 1118
1124 1329	1124 1119
1125 1330	1125 1119
1126 1331	1126 1120
1127 1332	1127 1121
1128 1334	1128 1123
1129 1335	1129 1124
1130 1336	1130 1125
1131 1337	1131 1126
1132 1338	1132 1126
1133 1340	1133 1128
1134 1341	1134 1129
1135 1342	1135 1130
1136 1343	1136 1131
1137 1344	1137 1132
1138 1346	1138 1133
1139 1347	1139 1134
1140 1348	1140 1135
1141 1349	1141 1136
1142 1350	1142 1137
1143 1352	1143 1139
1144 1353	1144 1139
1145 1354	1145 1140
1146 1355	1146 1141
1147 1356	1147 1142
1148 1357	1148 1143
1149 1359	1149 1145
1150 1360	1150 1146
1151 1361	1151 1146
1152 1362	1152 1147
1153 1363	1153 1148
1154 1365	1154 1150
1155 1366	1155 1151
1156 1367	1156 1152
1157 1368	1157 1153
1158 1369	1158 1153
1159 1371	1159 1155
1160 1372	1160 1156
1161 1373	1161 1157
1162 1374	1162 1158
1164 1375	1164 1159
1165 1376	1165 1159
1166 1378	1166 1161
1167 1379	1167 1162
1168 1380	1168 1163
1169 1381	1169 1164
1170 1382	1170 1165
1171 1384	1171 1166
1172 1385	1172 1167
1173 1386	1173 1168
1174 1387	1174 1169
1175 1388	1175 1170
1176 1390	1176 1172
1177 1391	1177 1173
1178 1392	1178 1173
1179 1393	1179 1174
1180 1394	1180 1175
1181 1396	1181 1177
1182 1397	1182 1178
1183 1398	1183 1179
1184 1399	1184 1180
1185 1400	1185 1181
1186 1401	1186 1181
1187 1403	1187 1183
1188 1404	1188 1184
1189 1405	1189 1185
1190 1406	1190 1186
1191 1407	1191 1187
1192 1409	1192 1188
1193 1410	1193 1189
1194 1411	1194 1190
1195 1412	1195 1191
1196 1413	1196 1192
1197 1415	1197 1194
1198 1416	1198 1195
1199 1417	1199 1195
1200 1418	1200 1196
1201 1419	1201 1197
1202 1420	1202 1198
1203 1422	1203 1200
1204 1423	1204 1201
1205 1424	1205 1202
1207 1425	1207 1202
1208 1426	1208 1203
1209 1428	1209 1205
1210 1429	1210 1206
1211 1430	1211 1207
1212 1431	1212 1208
1213 1432	1213 1209
1214 1434	1214 1210
1215 1435	1215 1211
1216 1436	1216 1212
1217 1437	1217 1213
1218 1438	1218 1214
1219 1439	1219 1215
1220 1441	1220 1217
1221 1442	1221 1217
1222 1443	1222 1218
1223 1444	1223 1219
1224 1445	1224 1220
1225 1447	1225 1222
1226 1448	1226 1223
1227 1449	1227 1224
1228 1450	1228 1225
1229 1451	1229 1225
1230 1452	1230 1226
1231 1454	1231 1228
1232 1455	1232 1229
1233 1456	1233 1230
1234 1457	1234 1231
1235 1458	1235 1232
1236 1460	1236 1233
1237 1461	1237 1234
1238 1462	1238 1235
1239 1463	1239 1236
1240 1464	1240 1237
1241 1466	1241 1239
1242 1467	1242 1240
1243 1468	1243 1240
1244 1469	1244 1241
1245 1470	1245 1242
1246 1471	1246 1243
1247 1473	1247 1245
1248 1474	1248 1246
1249 1475	1249 1247
1251 1476	1251 1248
1252 1477	1252 1248
1253 1479	1253 1250
1254 1480	1254 1251
1255 1481	1255 1252
1256 1482	1256 1253
1257 1483	1257 1254
1258 1484	1258 1255
1259 1486	1259 1256
1260 1487	1260 1257
1261 1488	1261 1258
1262 1489	1262 1259
1263 1490	1263 1260
1264 1492	1264 1262
1265 1493	1265 1263
1266 1494	1266 1263
1267 1495	1267 1264
1268 1496	1268 1265
1269 1498	1269 1267
1270 1499	1270 1268
1271 1500	1271 1269
1272 1501	1272 1270
1273 1502	1273 1271
1274 1503	1274 1271
1275 1505	1275 1273
1276 1506	1276 1274
1277 1507	1277 1275
1278 1508	1278 1276
1279 1509	1279 1277
1280 1511	1280 1279
1281 1512	1281 1279
1282 1513	1282 1280
1283 1514	1283 1281
1284 1515	1284 1282
1285 1516	1285 1283
1286 1518	1286 1285
1287 1519	1287 1286
1288 1520	1288 1287
1289 1521	1289 1287
1290 1522	1290 1288
1291 1524	1291 1290
1292 1525	1292 1291
1294 1526	1294 1292
1295 1527	1295 1293
1296 1528	1296 1294
1297 1529	1297 1295
1298 1531	1298 1296
1299 1532	1299 1297
1300 1533	1300 1298
1301 1534	1301 1299
1302 1535	1302 1300
1303 1537	1303 1302
1304 1538	1304 1303
1305 1539	1305 1303
1306 1540	1306 1304
1307 1541	1307 1305
1308 1542	1308 1306
1309 1544	1309 1308
1310 1545	1310 1309
1311 1546	1311 1310
1312 1547	1312 1311
1313 1548	1313 1312
1314 1550	1314 1313
1315 1551	1315 1314
1316 1552	1316 1315
1317 1553	1317 1316
1318 1554	1318 1317
1319 1555	1319 1318
1320 1557	1320 1320
1321 1558	1321 1320
1322 1559	1322 1321
1323 1560	1323 1322
1324 1561	1324 1323
1325 1563	1325 1325
1326 1564	1326 1326
1327 1565	1327 1327
1328 1566	1328 1328
1329 1567	1329 1328
1330 1568	1330 1329
1331 1570	1331 1331
1332 1571	1332 1332
1333 1572	1333 1333
1334 1573	1334 1334
1335 1574	1335 1335
1337 1576	1337 1336
1338 1577	1338 1337
1339 1578	1339 1338
1340 1579	1340 1339
1341 1580	1341 1340
1342 1581	1342 1341
1343 1583	1343 1343
1344 1584	1344 1344
1345 1585	1345 1345
1346 1586	1346 1345
1347 1587	1347 1346
1348 1589	1348 1348
1349 1590	1349 1349
1350 1591	1350 1350
1351 1592	1351 1351
1352 1593	1352 1352
1353 1594	1353 1353
1354 1596	1354 1354
1355 1597	1355 1355
1356 1598	1356 1356
1357 1599	1357 1357
1358 1600	1358 1358
1359 1601	1359 1359
1360 1603	1360 1361
1361 1604	1361 1362
1362 1605	1362 1362
1363 1606	1363 1363
1364 1607	1364 1364
1365 1609	1365 1366
1366 1610	1366 1367
1367 1611	1367 1368
1368 1612	1368 1369
1369 1613	1369 1370
1370 1614	1370 1370
1371 1616	1371 1372
1372 1617	1372 1373
1373 1618	1373 1374
1374 1619	1374 1375
1375 1620	1375 1376
1376 1622	1376 1378
1377 1623	1377 1379
1378 1624	1378 1379
1380 1625	1380 1380
1381 1626	1381 1381
1382 1627	1382 1382
1383 1629	1383 1384
1384 1630	1384 1385
1385 1631	1385 1386
1386 1632	1386 1387
1387 1633	1387 1387
1388 1634	1388 1388
1389 1636	1389 1390
1390 1637	1390 1391
1391 1638	1391 1392
1392 1639	1392 1393
1393 1640	1393 1394
1394 1642	1394 1396
1395 1643	1395 1396
1396 1644	1396 1397
1397 1645	1397 1398
1398 1646	1398 1399
1399 1647	1399 1400
1400 1649	1400 1402
1401 1650	1401 1403
1402 1651	1402 1404
1403 1652	1403 1404
1404 1653	1404 1405
1405 1654	1405 1406
1406 1656	1406 1408
1407 1657	1407 1409
1408 1658	1408 1410
1409 1659	1409 1411
1410 1660	1410 1412
1411 1662	1411 1413
1412 1663	1412 1414
1413 1664	1413 1415
1414 1665	1414 1416
1415 1666	1415 1417
1416 1667	1416 1418
1417 1669	1417 1420
1418 1670	1418 1421
1419 1671	1419 1421
1420 1672	1420 1422
1421 1673	1421 1423
1423 1674	1423 1424
1424 1676	1424 1426
1425 1677	1425 1427
1426 1678	1426 1428
1427 1679	1427 1429
1428 1680	1428 1430
1429 1682	1429 1431
1430 1683	1430 1432
1431 1684	1431 1433
1432 1685	1432 1434
1433 1686	1433 1435
1434 1687	1434 1436
1435 1689	1435 1438
1436 1690	1436 1438
1437 1691	1437 1439
1438 1692	1438 1440
1439 1693	1439 1441
1440 1694	1440 1442
1441 1696	1441 1444
1442 1697	1442 1445
1443 1698	1443 1446
1444 1699	1444 1447
1445 1700	1445 1447
1446 1702	1446 1449
1447 1703	1447 1450
1448 1704	1448 1451
1449 1705	1449 1452
1450 1706	1450 1453
1451 1707	1451 1454
1452 1709	1452 1455
1453 1710	1453 1456
1454 1711	1454 1457
1455 1712	1455 1458
1456 1713	1456 1459
1457 1714	1457 1460
1458 1716	1458 1462
1459 1717	1459 1463
1460 1718	1460 1464
1461 1719	1461 1464
1462 1720	1462 1465
1463 1721	1463 1466
1464 1723	1464 1468
1466 1724	1466 1469
1467 1725	1467 1470
1468 1726	1468 1471
1469 1727	1469 1472
1470 1728	1470 1472
1471 1730	1471 1474
1472 1731	1472 1475
1473 1732	1473 1476
1474 1733	1474 1477
1475 1734	1475 1478
1476 1736	1476 1480
1477 1737	1477 1481
1478 1738	1478 1481
1479 1739	1479 1482
1480 1740	1480 1483
1481 1741	1481 1484
1482 1743	1482 1486
1483 1744	1483 1487
1484 1745	1484 1488
1485 1746	1485 1489
1486 1747	1486 1489
1487 1748	1487 1490
1488 1750	1488 1492
1489 1751	1489 1493
1490 1752	1490 1494
1491 1753	1491 1495
1492 1754	1492 1496
1493 1755	1493 1497
1494 1757	1494 1498
1495 1758	1495 1499
1496 1759	1496 1500
1497 1760	1497 1501
1498 1761	1498 1502
1499 1762	1499 1503
1500 1764	1500 1505
1501 1765	1501 1506
1502 1766	1502 1506
1503 1767	1503 1507
1504 1768	1504 1508
1505 1770	1505 1510
1506 1771	1506 1511
1507 1772	1507 1512
1509 1773	1509 1513
1510 1774	1510 1514
1511 1775	1511 1514
1512 1777	1512 1516
1513 1778	1513 1517
1514 1779	1514 1518
1515 1780	1515 1519
1516 1781	1516 1520
1517 1782	1517 1521
1518 1784	1518 1523
1519 1785	1519 1523
1520 1786	1520 1524
1521 1787	1521 1525
1522 1788	1522 1526
1523 1789	1523 1527
1524 1791	1524 1529
1525 1792	1525 1530
1526 1793	1526 1531
1527 1794	1527 1531
1528 1795	1528 1532
1529 1796	1529 1533
1530 1798	1530 1535
1531 1799	1531 1536
1532 1800	1532 1537
1533 1801	1533 1538
1534 1802	1534 1539
1535 1803	1535 1539
1536 1805	1536 1541
1537 1806	1537 1542
1538 1807	1538 1543
1539 1808	1539 1544
1540 1809	1540 1545
1541 1810	1541 1546
1542 1812	1542 1547
1543 1813	1543 1548
1544 1814	1544 1549
1545 1815	1545 1550
1546 1816	1546 1551
1547 1817	1547 1552
1548 1819	1548 1554
1549 1820	1549 1555
1550 1821	1550 1556
1552 1822	1552 1556
1553 1823	1553 1557
1554 1824	1554 1558
1555 1826	1555 1560
1556 1827	1556 1561
1557 1828	1557 1562
1558 1829	1558 1563
1559 1830	1559 1564
1560 1831	1560 1564
1561 1833	1561 1566
1562 1834	1562 1567
1563 1835	1563 1568
1564 1836	1564 1569
1565 1837	1565 1570
1566 1838	1566 1571
1567 1840	1567 1572
1568 1841	1568 1573
1569 1842	1569 1574
1570 1843	1570 1575
1571 1844	1571 1576
1572 1845	1572 1577
1573 1847	1573 1579
1574 1848	1574 1580
1575 1849	1575 1580
1576 1850	1576 1581
1577 1851	1577 1582
1578 1852	1578 1583
1579 1854	1579 1585
1580 1855	1580 1586
1581 1856	1581 1587
1582 1857	1582 1588
1583 1858	1583 1588
1584 1859	1584 1589
1585 1861	1585 1591
1586 1862	1586 1592
1587 1863	1587 1593
1588 1864	1588 1594
1589 1865	1589 1595
1590 1866	1590 1596
1591 1868	1591 1597
1592 1869	1592 1598
1593 1870	1593 1599
1595 1871	1595 1600
1596 1872	1596 1601
1597 1873	1597 1602
1598 1875	1598 1604
1599 1876	1599 1604
1600 1877	1600 1605
1601 1878	1601 1606
1602 1879	1602 1607
1603 1880	1603 1608
1604 1882	1604 1610
1605 1883	1605 1611
1606 1884	1606 1612
1607 1885	1607 1612
1608 1886	1608 1613
1609 1887	1609 1614
1610 1889	1610 1616
1611 1890	1611 1617
1612 1891	1612 1618
1613 1892	1613 1619
1614 1893	1614 1619
1615 1894	1615 1620
1616 1896	1616 1622
1617 1897	1617 1623
1618 1898	1618 1624
1619 1899	1619 1625
1620 1900	1620 1626
1621 1901	1621 1627
1622 1903	1622 1628
1623 1904	1623 1629
1624 1905	1624 1630
1625 1906	1625 1631
1626 1907	1626 1632
1627 1908	1627 1633
1628 1910	1628 1635
1629 1911	1629 1635
1630 1912	1630 1636
1631 1913	1631 1637
1632 1914	1632 1638
1633 1915	1633 1639
1634 1916	1634 1640
1635 1918	1635 1642
1636 1919	1636 1643
1637 1920	1637 1643
1639 1921	1639 1644
1640 1922	1640 1645
1641 1923	1641 1646
1642 1925	1642 1648
1643 1926	1643 1649
1644 1927	1644 1650
1645 1928	1645 1650
1646 1929	1646 1651
1647 1930	1647 1652
1648 1932	1648 1654
1649 1933	1649 1655
1650 1934	1650 1656
1651 1935	1651 1657
1652 1936	1652 1658
1653 1937	1653 1658
1654 1939	1654 1660
1655 1940	1655 1661
1656 1941	1656 1662
1657 1942	1657 1663
1658 1943	1658 1664
1659 1944	1659 1665
1660 1946	1660 1666
1661 1947	1661 1667
1662 1948	1662 1668
1663 1949	1663 1669
1664 1950	1664 1670
1665 1951	1665 1671
1666 1953	1666 1673
1667 1954	1667 1673
1668 1955	1668 1674
1669 1956	1669 1675
1670 1957	1670 1676
1671 1958	1671 1677
1672 1959	1672 1678
1673 1961	1673 1680
1674 1962	1674 1680
1675 1963	1675 1681
1676 1964	1676 1682
1677 1965	1677 1683
1678 1966	1678 1684
1679 1968	1679 1686
1680 1969	1680 1687
1682 1970	1682 1688
1683 1971	1683 1688
1684 1972	1684 1689
1685 1973	1685 1690
1686 1975	1686 1692
1687 1976	1687 1693
1688 1977	1688 1694
1689 1978	1689 1695
1690 1979	1690 1695
1691 1980	1691 1696
1692 1981	1692 1697
1693 1983	1693 1699
1694 1984	1694 1700
1695 1985	1695 1701
1696 1986	1696 1702
1697 1987	1697 1702
1698 1988	1698 1703
1699 1990	1699 1705
1700 1991	1700 1706
1701 1992	1701 1707
1702 1993	1702 1708
1703 1994	1703 1709
1704 1995	1704 1710
1705 1997	1705 1711
1706 1998	1706 1712
1707 1999	1707 1713
1708 2000	1708 1714
1709 2001	1709 1715
1710 2002	1710 1716
1711 2004	1711 1717
1712 2005	1712 1718
1713 2006	1713 1719
1714 2007	1714 1720
1715 2008	1715 1721
1716 2009	1716 1722
1717 2010	1717 1723
1718 2012	1718 1724
1719 2013	1719 1725
1720 2014	1720 1726
1721 2015	1721 1727
1722 2016	1722 1728
1723 2017	1723 1729
1725 2019	1725 1731
1726 2020	1726 1731
1727 2021	1727 1732
1728 2022	1728 1733
1729 2023	1729 1734
1730 2024	1730 1735
1731 2025	1731 1736
1732 2027	1732 1738
1733 2028	1733 1738
1734 2029	1734 1739
1735 2030	1735 1740
1736 2031	1736 1741
1737 2032	1737 1742
1738 2034	1738 1744
1739 2035	1739 1745
1740 2036	1740 1745
1741 2037	1741 1746
1742 2038	1742 1747
1743 2039	1743 1748
1744 2041	1744 1750
1745 2042	1745 1751
1746 2043	1746 1752
1747 2044	1747 1752
1748 2045	1748 1753
1749 2046	1749 1754
1750 2047	1750 1755
1751 2049	1751 1757
1752 2050	1752 1758
1753 2051	1753 1759
1754 2052	1754 1760
1755 2053	1755 1760
1756 2054	1756 1761
1757 2056	1757 1763
1758 2057	1758 1764
1759 2058	1759 1765
1760 2059	1760 1766
1761 2060	1761 1767
1762 2061	1762 1767
1763 2062	1763 1768
1764 2064	1764 1770
1765 2065	1765 1771
1766 2066	1766 1772
1768 2067	1768 1773
1769 2068	1769 1773
1770 2069	1770 1774
1771 2071	1771 1776
1772 2072	1772 1777
1773 2073	1773 1778
1774 2074	1774 1779
1775 2075	1775 1780
1776 2076	1776 1780
1777 2077	1777 1781
1778 2079	1778 1783
1779 2080	1779 1784
1780 2081	1780 1785
1781 2082	1781 1786
1782 2083	1782 1787
1783 2084	1783 1787
1784 2086	1784 1789
1785 2087	1785 1790
1786 2088	1786 1791
1787 2089	1787 1792
1788 2090	1788 1793
1789 2091	1789 1794
1790 2092	1790 1794
1791 2094	1791 1796
1792 2095	1792 1797
1793 2096	1793 1798
1794 2097	1794 1799
1795 2098	1795 1800
1796 2099	1796 1801
1797 2100	1797 1801
1798 2102	1798 1803
1799 2103	1799 1804
1800 2104	1800 1805
1801 2105	1801 1806
1802 2106	1802 1807
1803 2107	1803 1808
1804 2109	1804 1809
1805 2110	1805 1810
1806 2111	1806 1811
1807 2112	1807 1812
1808 2113	1808 1813
1809 2114	1809 1814
1811 2115	1811 1815
1812 2117	1812 1816
1813 2118	1813 1817
1814 2119	1814 1818
1815 2120	1815 1819
1816 2121	1816 1820
1817 2122	1817 1821
1818 2124	1818 1822
1819 2125	1819 1823
1820 2126	1820 1824
1821 2127	1821 1825
1822 2128	1822 1826
1823 2129	1823 1827
1824 2130	1824 1828
1825 2132	1825 1829
1826 2133	1826 1830
1827 2134	1827 1831
1828 2135	1828 1832
1829 2136	1829 1833
1830 2137	1830 1834
1831 2138	1831 1835
1832 2140	1832 1836
1833 2141	1833 1837
1834 2142	1834 1838
1835 2143	1835 1839
1836 2144	1836 1840
1837 2145	1837 1841
1838 2147	1838 1842
1839 2148	1839 1843
1840 2149	1840 1844
1841 2150	1841 1845
1842 2151	1842 1846
1843 2152	1843 1847
1844 2153	1844 1848
1845 2155	1845 1849
1846 2156	1846 1850
1847 2157	1847 1851
1848 2158	1848 1852
1849 2159	1849 1853
1850 2160	1850 1854
1851 2161	1851 1855
1852 2163	1852 1856
1854 2164	1854 1857
1855 2165	1855 1858
1856 2166	1856 1859
1857 2167	1857 1860
1858 2168	1858 1861
1859 2169	1859 1862
1860 2171	1860 1863
1861 2172	1861 1864
1862 2173	1862 1865
1863 2174	1863 1866
1864 2175	1864 1867
1865 2176	1865 1868
1866 2178	1866 1869
1867 2179	1867 1870
1868 2180	1868 1871
1869 2181	1869 1872
1870 2182	1870 1873
1871 2183	1871 1874
1872 2184	1872 1875
1873 2186	1873 1876
1874 2187	1874 1877
1875 2188	1875 1878
1876 2189	1876 1879
1877 2190	1877 1880
1878 2191	1878 1881
1879 2192	1879 1882
1880 2194	1880 1883
1881 2195	1881 1884
1882 2196	1882 1885
1883 2197	1883 1886
1884 2198	1884 1887
1885 2199	1885 1888
1886 2200	1886 1888
1887 2202	1887 1890
1888 2203	1888 1891
1889 2204	1889 1892
1890 2205	1890 1893
1891 2206	1891 1894
1892 2207	1892 1895
1893 2208	1893 1895
1894 2210	1894 1897
1895 2211	1895 1898
1897 2212	1897 1899
1898 2213	1898 1900
1899 2214	1899 1901
1900 2215	1900 1902
1901 2216	1901 1902
1902 2218	1902 1904
1903 2219	1903 1905
1904 2220	1904 1906
1905 2221	1905 1907
1906 2222	1906 1908
1907 2223	1907 1908
1908 2224	1908 1909
1909 2226	1909 1911
1910 2227	1910 1912
1911 2228	1911 1913
1912 2229	1912 1914
1913 2230	1913 1915
1914 2231	1914 1915
1915 2232	1915 1916
1916 2234	1916 1918
1917 2235	1917 1919
1918 2236	1918 1920
1919 2237	1919 1921
1920 2238	1920 1922
1921 2239	1921 1922
1922 2240	1922 1923
1923 2242	1923 1925
1924 2243	1924 1926
1925 2244	1925 1927
1926 2245	1926 1928
1927 2246	1927 1928
1928 2247	1928 1929
1929 2248	1929 1930
1930 2250	1930 1932
1931 2251	1931 1933
1932 2252	1932 1934
1933 2253	1933 1935
1934 2254	1934 1935
1935 2255	1935 1936
1936 2256	1936 1937
1937 2258	1937 1939
1938 2259	1938 1940
1940 2260	1940 1941
1941 2261	1941 1942
1942 2262	1942 1942
1943 2263	1943 1943
1944 2264	1944 1944
1945 2266	1945 1946
1946 2267	1946 1947
1947 2268	1947 1948
1948 2269	1948 1948
1949 2270	1949 1949
1950 2271	1950 1950
1951 2272	1951 1951
1952 2274	1952 1953
1953 2275	1953 1954
1954 2276	1954 1955
1955 2277	1955 1955
1956 2278	1956 1956
1957 2279	1957 1957
1958 2280	1958 1958
1959 2282	1959 1960
1960 2283	1960 1961
1961 2284	1961 1962
1962 2285	1962 1962
1963 2286	1963 1963
1964 2287	1964 1964
1965 2288	1965 1965
1966 2290	1966 1967
1967 2291	1967 1968
1968 2292	1968 1968
1969 2293	1969 1969
1970 2294	1970 1970
1971 2295	1971 1971
1972 2296	1972 1972
1973 2298	1973 1974
1974 2299	1974 1975
1975 2300	1975 1975
1976 2301	1976 1976
1977 2302	1977 1977
1978 2303	1978 1978
1979 2304	1979 1979
1980 2305	1980 1980
1981 2307	1981 1982
1983 2308	1983 1982
1984 2309	1984 1983
1985 2310	1985 1984
1986 2311	1986 1985
1987 2312	1987 1986
1988 2313	1988 1987
1989 2315	1989 1989
1990 2316	1990 1989
1991 2317	1991 1990
1992 2318	1992 1991
1993 2319	1993 1992
1994 2320	1994 1993
1995 2321	1995 1994
1996 2323	1996 1996
1997 2324	1997 1996
1998 2325	1998 1997
1999 2326	1999 1998
2000 2327	2000 1999
2001 2328	2001 2000
2002 2329	2002 2001
2003 2331	2003 2002
2004 2332	2004 2003
2005 2333	2005 2004
2006 2334	2006 2005
2007 2335	2007 2006
2008 2336	2008 2007
2009 2337	2009 2008
2010 2338	2010 2009
2011 2340	2011 2010
2012 2341	2012 2011
2013 2342	2013 2012
2014 2343	2014 2013
2015 2344	2015 2014
2016 2345	2016 2015
2017 2346	2017 2016
2018 2348	2018 2017
2019 2349	2019 2018
2020 2350	2020 2019
2021 2351	2021 2020
2022 2352	2022 2021
2023 2353	2023 2022
2024 2354	2024 2023
2026 2356	2026 2024
2027 2357	2027 2025
2028 2358	2028 2026
2029 2359	2029 2027
2030 2360	2030 2028
2031 2361	2031 2029
2032 2362	2032 2030
2033 2363	2033 2030
2034 2365	2034 2032
2035 2366	2035 2033
2036 2367	2036 2034
2037 2368	2037 2035
2038 2369	2038 2036
2039 2370	2039 2037
2040 2371	2040 2037
2041 2373	2041 2039
2042 2374	2042 2040
2043 2375	2043 2041
2044 2376	2044 2042
2045 2377	2045 2043
2046 2378	2046 2044
2047 2379	2047 2044
2048 2380	2048 2045
2049 2382	2049 2047
2050 2383	2050 2048
2051 2384	2051 2049
2052 2385	2052 2050
2053 2386	2053 2051
2054 2387	2054 2051
2055 2388	2055 2052
2056 2390	2056 2054
2057 2391	2057 2055
2058 2392	2058 2056
2059 2393	2059 2057
2060 2394	2060 2058
2061 2395	2061 2058
2062 2396	2062 2059
2063 2397	2063 2060
2064 2399	2064 2062
2065 2400	2065 2063
2066 2401	2066 2064
2067 2402	2067 2065
2068 2403	2068 2065
2070 2404	2070 2066
2071 2405	2071 2067
2072 2407	2072 2069
2073 2408	2073 2070
2074 2409	2074 2071
2075 2410	2075 2072
2076 2411	2076 2073
2077 2412	2077 2073
2078 2413	2078 2074
2079 2414	2079 2075
2080 2416	2080 2077
2081 2417	2081 2078
2082 2418	2082 2079
2083 2419	2083 2080
2084 2420	2084 2080
2085 2421	2085 2081
2086 2422	2086 2082
2087 2423	2087 2083
2088 2425	2088 2085
2089 2426	2089 2086
2090 2427	2090 2087
2091 2428	2091 2087
2092 2429	2092 2088
2093 2430	2093 2089
2094 2431	2094 2090
2095 2433	2095 2092
2096 2434	2096 2093
2097 2435	2097 2094
2098 2436	2098 2095
2099 2437	2099 2095
2100 2438	2100 2096
2101 2439	2101 2097
2102 2440	2102 2098
2103 2442	2103 2100
2104 2443	2104 2101
2105 2444	2105 2102
2106 2445	2106 2102
2107 2446	2107 2103
2108 2447	2108 2104
2109 2448	2109 2105
2110 2449	2110 2106
2111 2451	2111 2108
2113 2452	2113 2109
2114 2453	2114 2110
2115 2454	2115 2110
2116 2455	2116 2111
2117 2456	2117 2112
2118 2457	2118 2113
2119 2459	2119 2115
2120 2460	2120 2116
2121 2461	2121 2117
2122 2462	2122 2118
2123 2463	2123 2118
2124 2464	2124 2119
2125 2465	2125 2120
2126 2466	2126 2121
2127 2468	2127 2123
2128 2469	2128 2124
2129 2470	2129 2125
2130 2471	2130 2125
2131 2472	2131 2126
2132 2473	2132 2127
2133 2474	2133 2128
2134 2475	2134 2129
2135 2477	2135 2131
2136 2478	2136 2132
2137 2479	2137 2133
2138 2480	2138 2133
2139 2481	2139 2134
2140 2482	2140 2135
2141 2483	2141 2136
2142 2484	2142 2137
2143 2486	2143 2139
2144 2487	2144 2140
2145 2488	2145 2141
2146 2489	2146 2141
2147 2490	2147 2142
2148 2491	2148 2143
2149 2492	2149 2144
2150 2493	2150 2145
2151 2495	2151 2147
2152 2496	2152 2148
2153 2497	2153 2149
2154 2498	2154 2149
2156 2499	2156 2150
2157 2500	2157 2151
2158 2501	2158 2152
2159 2502	2159 2153
2160 2504	2160 2155
2161 2505	2161 2156
2162 2506	2162 2157
2163 2507	2163 2157
2164 2508	2164 2158
2165 2509	2165 2159
2166 2510	2166 2160
2167 2511	2167 2161
2168 2513	2168 2163
2169 2514	2169 2164
2170 2515	2170 2165
2171 2516	2171 2166
2172 2517	2172 2166
2173 2518	2173 2167
2174 2519	2174 2168
2175 2520	2175 2169
2176 2522	2176 2171
2177 2523	2177 2172
2178 2524	2178 2173
2179 2525	2179 2174
2180 2526	2180 2174
2181 2527	2181 2175
2182 2528	2182 2176
2183 2529	2183 2177
2184 2531	2184 2179
2185 2532	2185 2180
2186 2533	2186 2181
2187 2534	2187 2182
2188 2535	2188 2183
2189 2536	2189 2183
2190 2537	2190 2184
2191 2538	2191 2185
2192 2540	2192 2187
2193 2541	2193 2188
2194 2542	2194 2189
2195 2543	2195 2190
2196 2544	2196 2191
2197 2545	2197 2192
2199 2546	2199 2192
2200 2547	2200 2193
2201 2548	2201 2194
2202 2550	2202 2196
2203 2551	2203 2197
2204 2552	2204 2198
2205 2553	2205 2199
2206 2554	2206 2200
2207 2555	2207 2201
2208 2556	2208 2201
2209 2557	2209 2202
2210 2559	2210 2204
2211 2560	2211 2205
2212 2561	2212 2206
2213 2562	2213 2207
2214 2563	2214 2208
2215 2564	2215 2209
2216 2565	2216 2210
2217 2566	2217 2210
2218 2568	2218 2212
2219 2569	2219 2213
2220 2570	2220 2214
2221 2571	2221 2215
2222 2572	2222 2216
2223 2573	2223 2217
2224 2574	2224 2218
2225 2575	2225 2219
2226 2577	2226 2220
2227 2578	2227 2221
2228 2579	2228 2222
2229 2580	2229 2223
2230 2581	2230 2224
2231 2582	2231 2225
2232 2583	2232 2226
2233 2584	2233 2227
2234 2585	2234 2228
2235 2587	2235 2229
2236 2588	2236 2230
2237 2589	2237 2231
2238 2590	2238 2232
2239 2591	2239 2233
2240 2592	2240 2234
2242 2593	2242 2235
2243 2594	2243 2236
2244 2596	2244 2238
2245 2597	2245 2238
2246 2598	2246 2239
2247 2599	2247 2240
2248 2600	2248 2241
2249 2601	2249 2242
2250 2602	2250 2243
2251 2603	2251 2244
2252 2604	2252 2245
2253 2606	2253 2247
2254 2607	2254 2248
2255 2608	2255 2248
2256 2609	2256 2249
2257 2610	2257 2250
2258 2611	2258 2251
2259 2612	2259 2252
2260 2613	2260 2253
2261 2615	2261 2255
2262 2616	2262 2256
2263 2617	2263 2257
2264 2618	2264 2258
2265 2619	2265 2259
2266 2620	2266 2259
2267 2621	2267 2260
2268 2622	2268 2261
2269 2623	2269 2262
2270 2625	2270 2264
2271 2626	2271 2265
2272 2627	2272 2266
2273 2628	2273 2267
2274 2629	2274 2268
2275 2630	2275 2269
2276 2631	2276 2269
2277 2632	2277 2270
2278 2634	2278 2272
2279 2635	2279 2273
2280 2636	2280 2274
2281 2637	2281 2275
2282 2638	2282 2276
2283 2639	2283 2277
2285 2640	2285 2278
2286 2641	2286 2279
2287 2642	2287 2280
2288 2644	2288 2281
2289 2645	2289 2282
2290 2646	2290 2283
2291 2647	2291 2284
2292 2648	2292 2285
2293 2649	2293 2286
2294 2650	2294 2287
2295 2651	2295 2288
2296 2652	2296 2289
2297 2654	2297 2291
2298 2655	2298 2292
2299 2656	2299 2292
2300 2657	2300 2293
2301 2658	2301 2294
2302 2659	2302 2295
2303 2660	2303 2296
2304 2661	2304 2297
2305 2662	2305 2298
2306 2664	2306 2300
2307 2665	2307 2301
2308 2666	2308 2302
2309 2667	2309 2303
2310 2668	2310 2304
2311 2669	2311 2304
2312 2670	2312 2305
2313 2671	2313 2306
2314 2672	2314 2307
2315 2674	2315 2309
2316 2675	2316 2310
2317 2676	2317 2311
2318 2677	2318 2312
2319 2678	2319 2313
2320 2679	2320 2314
2321 2680	2321 2315
2322 2681	2322 2316
2323 2683	2323 2317
2324 2684	2324 2318
2325 2685	2325 2319
2326 2686	2326 2320
2328 2687	2328 2321
2329 2688	2329 2322
2330 2689	2330 2323
2331 2690	2331 2324
2332 2691	2332 2325
2333 2693	2333 2327
2334 2694	2334 2328
2335 2695	2335 2329
2336 2696	2336 2329
2337 2697	2337 2330
2338 2698	2338 2331
2339 2699	2339 2332
2340 2700	2340 2333
2341 2701	2341 2334
2342 2703	2342 2336
2343 2704	2343 2337
2344 2705	2344 2338
2345 2706	2345 2339
2346 2707	2346 2340
2347 2708	2347 2341
2348 2709	2348 2342
2349 2710	2349 2342
2350 2711	2350 2343
2351 2712	2351 2344
2352 2714	2352 2346
2353 2715	2353 2347
2354 2716	2354 2348
2355 2717	2355 2349
2356 2718	2356 2350
2357 2719	2357 2351
2358 2720	2358 2352
2359 2721	2359 2353
2360 2722	2360 2354
2361 2724	2361 2356
2362 2725	2362 2356
2363 2726	2363 2357
2364 2727	2364 2358
2365 2728	2365 2359
2366 2729	2366 2360
2367 2730	2367 2361
2368 2731	2368 2362
2369 2732	2369 2363
2371 2734	2371 2365
2372 2735	2372 2366
2373 2736	2373 2367
2374 2737	2374 2368
2375 2738	2375 2369
2376 2739	2376 2370
2377 2740	2377 2371
2378 2741	2378 2372
2379 2742	2379 2372
2380 2744	2380 2374
2381 2745	2381 2375
2382 2746	2382 2376
2383 2747	2383 2377
2384 2748	2384 2378
2385 2749	2385 2379
2386 2750	2386 2380
2387 2751	2387 2381
2388 2752	2388 2382
2389 2753	2389 2383
2390 2755	2390 2385
2391 2756	2391 2386
2392 2757	2392 2387
2393 2758	2393 2388
2394 2759	2394 2388
2395 2760	2395 2389
2396 2761	2396 2390
2397 2762	2397 2391
2398 2763	2398 2392
2399 2765	2399 2394
2400 2766	2400 2395
2401 2767	2401 2396
2402 2768	2402 2397
2403 2769	2403 2398
2404 2770	2404 2399
2405 2771	2405 2400
2406 2772	2406 2401
2407 2773	2407 2402
2408 2774	2408 2403
2409 2776	2409 2405
2410 2777	2410 2405
2411 2778	2411 2406
2412 2779	2412 2407
2414 2780	2414 2408
2415 2781	2415 2409
2416 2782	2416 2410
2417 2783	2417 2411
2418 2784	2418 2412
2419 2786	2419 2414
2420 2787	2420 2415
2421 2788	2421 2416
2422 2789	2422 2417
2423 2790	2423 2418
2424 2791	2424 2419
2425 2792	2425 2420
2426 2793	2426 2421
2427 2794	2427 2422
2428 2795	2428 2423
2429 2797	2429 2424
2430 2798	2430 2425
2431 2799	2431 2426
2432 2800	2432 2427
2433 2801	2433 2428
2434 2802	2434 2429
2435 2803	2435 2430
2436 2804	2436 2431
2437 2805	2437 2432
2438 2807	2438 2434
2439 2808	2439 2435
2440 2809	2440 2436
2441 2810	2441 2437
2442 2811	2442 2438
2443 2812	2443 2439
2444 2813	2444 2440
2445 2814	2445 2441
2446 2815	2446 2442
2447 2816	2447 2443
2448 2818	2448 2445
2449 2819	2449 2445
2450 2820	2450 2446
2451 2821	2451 2447
2452 2822	2452 2448
2453 2823	2453 2449
2454 2824	2454 2450
2455 2825	2455 2451
2457 2826	2457 2452
2458 2827	2458 2453
2459 2829	2459 2455
2460 2830	2460 2456
2461 2831	2461 2457
2462 2832	2462 2458
2463 2833	2463 2459
2464 2834	2464 2460
2465 2835	2465 2461
2466 2836	2466 2462
2467 2837	2467 2463
2468 2838	2468 2464
2469 2840	2469 2466
2470 2841	2470 2467
2471 2842	2471 2468
2472 2843	2472 2468
2473 2844	2473 2469
2474 2845	2474 2470
2475 2846	2475 2471
2476 2847	2476 2472
2477 2848	2477 2473
2478 2849	2478 2474
2479 2851	2479 2476
2480 2852	2480 2477
2481 2853	2481 2478
2482 2854	2482 2479
2483 2855	2483 2480
2484 2856	2484 2481
2485 2857	2485 2482
2486 2858	2486 2483
2487 2859	2487 2484
2488 2860	2488 2485
2489 2862	2489 2487
2490 2863	2490 2488
2491 2864	2491 2489
2492 2865	2492 2490
2493 2866	2493 2491
2494 2867	2494 2492
2495 2868	2495 2493
2496 2869	2496 2494
2497 2870	2497 2495
2498 2871	2498 2495
2499 2872	2499 2496
2501 2874	2501 2498
2502 2875	2502 2499
2503 2876	2503 2500
2504 2877	2504 2501
2505 2878	2505 2502
2506 2879	2506 2503
2507 2880	2507 2504
2508 2881	2508 2505
2509 2882	2509 2506
2510 2883	2510 2507
2511 2885	2511 2509
2512 2886	2512 2510
2513 2887	2513 2511
2514 2888	2514 2512
2515 2889	2515 2513
2516 2890	2516 2514
2517 2891	2517 2515
2518 2892	2518 2516
2519 2893	2519 2517
2520 2894	2520 2518
2521 2896	2521 2520
2522 2897	2522 2521
2523 2898	2523 2522
2524 2899	2524 2523
2525 2900	2525 2524
2526 2901	2526 2525
2527 2902	2527 2526
2528 2903	2528 2526
2529 2904	2529 2527
2530 2905	2530 2528
2531 2906	2531 2529
2532 2908	2532 2531
2533 2909	2533 2532
2534 2910	2534 2533
2535 2911	2535 2534
2536 2912	2536 2535
2537 2913	2537 2536
2538 2914	2538 2537
2539 2915	2539 2538
2540 2916	2540 2539
2541 2917	2541 2540
2542 2918	2542 2541
2544 2920	2544 2543
2545 2921	2545 2544
2546 2922	2546 2545
2547 2923	2547 2546
2548 2924	2548 2547
2549 2925	2549 2548
2550 2926	2550 2549
2551 2927	2551 2550
2552 2928	2552 2551
2553 2929	2553 2552
2554 2931	2554 2554
2555 2932	2555 2555
2556 2933	2556 2556
2557 2934	2557 2557
2558 2935	2558 2558
2559 2936	2559 2559
2560 2937	2560 2560
2561 2938	2561 2561
2562 2939	2562 2562
2563 2940	2563 2563
2564 2941	2564 2564
2565 2943	2565 2566
2566 2944	2566 2567
2567 2945	2567 2567
2568 2946	2568 2568
2569 2947	2569 2569
2570 2948	2570 2570
2571 2949	2571 2571
2572 2950	2572 2572
2573 2951	2573 2573
2574 2952	2574 2574
2575 2953	2575 2575
2576 2955	2576 2577
2577 2956	2577 2578
2578 2957	2578 2579
2579 2958	2579 2580
2580 2959	2580 2581
2581 2960	2581 2582
2582 2961	2582 2583
2583 2962	2583 2584
2584 2963	2584 2585
2585 2964	2585 2586
2587 2965	2587 2587
2588 2967	2588 2589
2589 2968	2589 2590
2590 2969	2590 2591
2591 2970	2591 2592
2592 2971	2592 2593
2593 2972	2593 2594
2594 2973	2594 2595
2595 2974	2595 2596
2596 2975	2596 2597
2597 2976	2597 2598
2598 2977	2598 2599
2599 2978	2599 2600
2600 2980	2600 2602
2601 2981	2601 2603
2602 2982	2602 2604
2603 2983	2603 2605
2604 2984	2604 2606
2605 2985	2605 2607
2606 2986	2606 2608
2607 2987	2607 2609
2608 2988	2608 2610
2609 2989	2609 2611
2610 2990	2610 2612
2611 2992	2611 2614
2612 2993	2612 2615
2613 2994	2613 2616
2614 2995	2614 2617
2615 2996	2615 2618
2616 2997	2616 2619
2617 2998	2617 2620
2618 2999	2618 2621
2619 3000	2619 2622
2620 3001	2620 2622
2621 3002	2621 2623
2622 3004	2622 2625
2623 3005	2623 2626
2624 3006	2624 2627
2625 3007	2625 2628
2626 3008	2626 2629
2627 3009	2627 2630
2628 3010	2628 2631
2630 3011	2630 2632
2631 3012	2631 2633
2632 3013	2632 2634
2633 3014	2633 2635
2634 3015	2634 2636
2635 3017	2635 2638
2636 3018	2636 2639
2637 3019	2637 2640
2638 3020	2638 2641
2639 3021	2639 2642
2640 3022	2640 2643
2641 3023	2641 2644
2642 3024	2642 2645
2643 3025	2643 2646
2644 3026	2644 2647
2645 3027	2645 2648
2646 3028	2646 2649
2647 3030	2647 2651
2648 3031	2648 2652
2649 3032	2649 2653
2650 3033	2650 2654
2651 3034	2651 2655
2652 3035	2652 2656
2653 3036	2653 2657
2654 3037	2654 2658
2655 3038	2655 2659
2656 3039	2656 2660
2657 3040	2657 2661
2658 3041	2658 2662
2659 3043	2659 2664
2660 3044	2660 2665
2661 3045	2661 2666
2662 3046	2662 2667
2663 3047	2663 2668
2664 3048	2664 2669
2665 3049	2665 2670
2666 3050	2666 2671
2667 3051	2667 2672
2668 3052	2668 2673
2669 3053	2669 2674
2670 3054	2670 2675
2671 3056	2671 2677
2673 3057	2673 2678
2674 3058	2674 2679
2675 3059	2675 2680
2676 3060	2676 2681
2677 3061	2677 2682
2678 3062	2678 2683
2679 3063	2679 2684
2680 3064	2680 2685
2681 3065	2681 2686
2682 3066	2682 2687
2683 3067	2683 2688
2684 3069	2684 2690
2685 3070	2685 2691
2686 3071	2686 2692
2687 3072	2687 2693
2688 3073	2688 2694
2689 3074	2689 2695
2690 3075	2690 2696
2691 3076	2691 2697
2692 3077	2692 2698
2693 3078	2693 2699
2694 3079	2694 2700
2695 3080	2695 2701
2696 3082	2696 2702
2697 3083	2697 2703
2698 3084	2698 2704
2699 3085	2699 2705
2700 3086	2700 2706
2701 3087	2701 2707
2702 3088	2702 2708
2703 3089	2703 2709
2704 3090	2704 2710
2705 3091	2705 2711
2706 3092	2706 2712
2707 3093	2707 2713
2708 3094	2708 2714
2709 3096	2709 2716
2710 3097	2710 2717
2711 3098	2711 2718
2712 3099	2712 2719
2713 3100	2713 2720
2714 3101	2714 2721
2716 3102	2716 2722
2717 3103	2717 2723
2718 3104	2718 2724
2719 3105	2719 2725
2720 3106	2720 2726
2721 3107	2721 2727
2722 3108	2722 2728
2723 3110	2723 2730
2724 3111	2724 2731
2725 3112	2725 2732
2726 3113	2726 2733
2727 3114	2727 2734
2728 3115	2728 2735
2729 3116	2729 2736
2730 3117	2730 2737
2731 3118	2731 2738
2732 3119	2732 2739
2733 3120	2733 2740
2734 3121	2734 2741
2735 3122	2735 2742
2736 3124	2736 2744
2737 3125	2737 2745
2738 3126	2738 2746
2739 3127	2739 2747
2740 3128	2740 2748
2741 3129	2741 2749
2742 3130	2742 2750
2743 3131	2743 2751
2744 3132	2744 2752
2745 3133	2745 2753
2746 3134	2746 2754
2747 3135	2747 2755
2748 3136	2748 2756
2749 3138	2749 2758
2750 3139	2750 2759
2751 3140	2751 2760
2752 3141	2752 2761
2753 3142	2753 2762
2754 3143	2754 2763
2755 3144	2755 2764
2756 3145	2756 2765
2757 3146	2757 2766
2759 3147	2759 2767
2760 3148	2760 2768
2761 3149	2761 2769
2762 3150	2762 2770
2763 3152	2763 2772
2764 3153	2764 2773
2765 3154	2765 2774
2766 3155	2766 2775
2767 3156	2767 2776
2768 3157	2768 2777
2769 3158	2769 2778
2770 3159	2770 2779
2771 3160	2771 2780
2772 3161	2772 2781
2773 3162	2773 2782
2774 3163	2774 2783
2775 3164	2775 2783
2776 3165	2776 2784
2777 3167	2777 2786
2778 3168	2778 2787
2779 3169	2779 2788
2780 3170	2780 2789
2781 3171	2781 2790
2782 3172	2782 2791
2783 3173	2783 2792
2784 3174	2784 2793
2785 3175	2785 2794
2786 3176	2786 2795
2787 3177	2787 2796
2788 3178	2788 2797
2789 3179	2789 2798
2790 3181	2790 2800
2791 3182	2791 2801
2792 3183	2792 2802
2793 3184	2793 2803
2794 3185	2794 2804
2795 3186	2795 2805
2796 3187	2796 2806
2797 3188	2797 2807
2798 3189	2798 2808
2799 3190	2799 2809
2800 3191	2800 2810
2802 3192	2802 2811
2803 3193	2803 2812
2804 3194	2804 2813
2805 3196	2805 2815
2806 3197	2806 2816
2807 3198	2807 2817
2808 3199	2808 2818
2809 3200	2809 2819
2810 3201	2810 2820
2811 3202	2811 2821
2812 3203	2812 2822
2813 3204	2813 2823
2814 3205	2814 2824
2815 3206	2815 2825
2816 3207	2816 2826
2817 3208	2817 2827
2818 3209	2818 2828
2819 3210	2819 2829
2820 3212	2820 2831
2821 3213	2821 2832
2822 3214	2822 2833
2823 3215	2823 2834
2824 3216	2824 2835
2825 3217	2825 2836
2826 3218	2826 2837
2827 3219	2827 2837
2828 3220	2828 2838
2829 3221	2829 2839
2830 3222	2830 2840
2831 3223	2831 2841
2832 3224	2832 2842
2833 3225	2833 2843
2834 3227	2834 2845
2835 3228	2835 2846
2836 3229	2836 2847
2837 3230	2837 2848
2838 3231	2838 2849
2839 3232	2839 2850
2840 3233	2840 2851
2841 3234	2841 2852
2842 3235	2842 2853
2843 3236	2843 2854
2845 3237	2845 2855
2846 3238	2846 2856
2847 3239	2847 2857
2848 3240	2848 2858
2849 3241	2849 2859
2850 3243	2850 2861
2851 3244	2851 2862
2852 3245	2852 2863
2853 3246	2853 2864
2854 3247	2854 2865
2855 3248	2855 2866
2856 3249	2856 2867
2857 3250	2857 2868
2858 3251	2858 2869
2859 3252	2859 2870
2860 3253	2860 2871
2861 3254	2861 2872
2862 3255	2862 2873
2863 3256	2863 2874
2864 3257	2864 2875
2865 3259	2865 2876
2866 3260	2866 2877
2867 3261	2867 2878
2868 3262	2868 2879
2869 3263	2869 2880
2870 3264	2870 2881
2871 3265	2871 2882
2872 3266	2872 2883
2873 3267	2873 2884
2874 3268	2874 2885
2875 3269	2875 2886
2876 3270	2876 2887
2877 3271	2877 2888
2878 3272	2878 2889
2879 3273	2879 2890
2880 3274	2880 2891
2881 3276	2881 2893
2882 3277	2882 2894
2883 3278	2883 2895
2884 3279	2884 2896
2885 3280	2885 2897
2886 3281	2886 2898
2887 3282	2887 2899
2889 3283	2889 2900
2890 3284	2890 2901
2891 3285	2891 2902
2892 3286	2892 2903
2893 3287	2893 2904
2894 3288	2894 2905
2895 3289	2895 2906
2896 3290	2896 2906
2897 3291	2897 2907
2898 3293	2898 2909
2899 3294	2899 2910
2900 3295	2900 2911
2901 3296	2901 2912
2902 3297	2902 2913
2903 3298	2903 2914
2904 3299	2904 2915
2905 3300	2905 2916
2906 3301	2906 2917
2907 3302	2907 2918
2908 3303	2908 2919
2909 3304	2909 2920
2910 3305	2910 2921
2911 3306	2911 2922
2912 3307	2912 2923
2913 3308	2913 2924
2914 3310	2914 2926
2915 3311	2915 2927
2916 3312	2916 2928
2917 3313	2917 2929
2918 3314	2918 2930
2919 3315	2919 2930
2920 3316	2920 2931
2921 3317	2921 2932
2922 3318	2922 2933
2923 3319	2923 2934
2924 3320	2924 2935
2925 3321	2925 2936
2926 3322	2926 2937
2927 3323	2927 2938
2928 3324	2928 2939
2929 3325	2929 2940
2930 3326	2930 2941
2932 3328	2932 2943
2933 3329	2933 2944
2934 3330	2934 2945
2935 3331	2935 2946
2936 3332	2936 2947
2937 3333	2937 2948
2938 3334	2938 2949
2939 3335	2939 2950
2940 3336	2940 2951
2941 3337	2941 2951
2942 3338	2942 2952
2943 3339	2943 2953
2944 3340	2944 2954
2945 3341	2945 2955
2946 3342	2946 2956
2947 3343	2947 2957
2948 3344	2948 2958
2949 3346	2949 2960
2950 3347	2950 2961
2951 3348	2951 2962
2952 3349	2952 2963
2953 3350	2953 2964
2954 3351	2954 2965
2955 3352	2955 2966
2956 3353	2956 2967
2957 3354	2957 2968
2958 3355	2958 2969
2959 3356	2959 2970
2960 3357	2960 2970
2961 3358	2961 2971
2962 3359	2962 2972
2963 3360	2963 2973
2964 3361	2964 2974
2965 3362	2965 2975
2966 3364	2966 2977
2967 3365	2967 2978
2968 3366	2968 2979
2969 3367	2969 2980
2970 3368	2970 2981
2971 3369	2971 2982
2972 3370	2972 2983
2973 3371	2973 2984
2975 3372	2975 2985
2976 3373	2976 2986
2977 3374	2977 2987
2978 3375	2978 2987
2979 3376	2979 2988
2980 3377	2980 2989
2981 3378	2981 2990
2982 3379	2982 2991
2983 3380	2983 2992
2984 3381	2984 2993
2985 3383	2985 2995
2986 3384	2986 2996
2987 3385	2987 2997
2988 3386	2988 2998
2989 3387	2989 2999
2990 3388	2990 3000
2991 3389	2991 3001
2992 3390	2992 3002
2993 3391	2993 3002
2994 3392	2994 3003
2995 3393	2995 3004
2996 3394	2996 3005
2997 3395	2997 3006
2998 3396	2998 3007
2999 3397	2999 3008
3000 3398	3000 3009
3001 3399	3001 3010
3002 3400	3002 3011
3003 3401	3003 3012
3004 3403	3004 3014
3005 3404	3005 3015
3006 3405	3006 3016
3007 3406	3007 3017
3008 3407	3008 3017
3009 3408	3009 3018
3010 3409	3010 3019
3011 3410	3011 3020
3012 3411	3012 3021
3013 3412	3013 3022
3014 3413	3014 3023
3015 3414	3015 3024
3016 3415	3016 3025
3018 3416	3018 3026
3019 3417	3019 3027
3020 3418	3020 3028
3021 3419	3021 3029
3022 3420	3022 3030
3023 3421	3023 3030
3024 3423	3024 3032
3025 3424	3025 3033
3026 3425	3026 3034
3027 3426	3027 3035
3028 3427	3028 3036
3029 3428	3029 3037
3030 3429	3030 3038
3031 3430	3031 3039
3032 3431	3032 3040
3033 3432	3033 3041
3034 3433	3034 3042
3035 3434	3035 3042
3036 3435	3036 3043
3037 3436	3037 3044
3038 3437	3038 3045
3039 3438	3039 3046
3040 3439	3040 3047
3041 3440	3041 3048
3042 3441	3042 3049
3043 3442	3043 3050
3044 3444	3044 3052
3045 3445	3045 3053
3046 3446	3046 3054
3047 3447	3047 3054
3048 3448	3048 3055
3049 3449	3049 3056
3050 3450	3050 3057
3051 3451	3051 3058
3052 3452	3052 3059
3053 3453	3053 3060
3054 3454	3054 3061
3055 3455	3055 3062
3056 3456	3056 3063
3057 3457	3057 3064
3058 3458	3058 3065
3059 3459	3059 3066
3061 3460	3061 3066
3062 3461	3062 3067
3063 3462	3063 3068
3064 3463	3064 3069
3065 3464	3065 3070
3066 3466	3066 3072
3067 3467	3067 3073
3068 3468	3068 3074
3069 3469	3069 3075
3070 3470	3070 3076
3071 3471	3071 3076
3072 3472	3072 3077
3073 3473	3073 3078
3074 3474	3074 3079
3075 3475	3075 3080
3076 3476	3076 3081
3077 3477	3077 3082
3078 3478	3078 3083
3079 3479	3079 3084
3080 3480	3080 3085
3081 3481	3081 3086
3082 3482	3082 3087
3083 3483	3083 3087
3084 3484	3084 3088
3085 3485	3085 3089
3086 3486	3086 3090
3087 3487	3087 3091
3088 3489	3088 3093
3089 3490	3089 3094
3090 3491	3090 3095
3091 3492	3091 3096
3092 3493	3092 3097
3093 3494	3093 3097
3094 3495	3094 3098
3095 3496	3095 3099
3096 3497	3096 3100
3097 3498	3097 3101
3098 3499	3098 3102
3099 3500	3099 3103
3100 3501	3100 3104
3101 3502	3101 3105
3102 3503	3102 3106
3104 3504	3104 3107
3105 3505	3105 3107
3106 3506	3106 3108
3107 3507	3107 3109
3108 3508	3108 3110
3109 3509	3109 3111
3110 3510	3110 3112
3111 3512	3111 3114
3112 3513	3112 3115
3113 3514	3113 3116
3114 3515	3114 3116
3115 3516	3115 3117
3116 3517	3116 3118
3117 3518	3117 3119
3118 3519	3118 3120
3119 3520	3119 3121
3120 3521	3120 3122
3121 3522	3121 3123
3122 3523	3122 3124
3123 3524	3123 3125
3124 3525	3124 3126
3125 3526	3125 3126
3126 3527	3126 3127
3127 3528	3127 3128
3128 3529	3128 3129
3129 3530	3129 3130
3130 3531	3130 3131
3131 3532	3131 3132
3132 3533	3132 3133
3133 3534	3133 3134
3134 3535	3134 3135
3135 3537	3135 3136
3136 3538	3136 3137
3137 3539	3137 3138
3138 3540	3138 3139
3139 3541	3139 3140
3140 3542	3140 3141
3141 3543	3141 3142
3142 3544	3142 3143
3143 3545	3143 3144
3144 3546	3144 3144
3145 3547	3145 3145
3147 3548	3147 3146
3148 3549	3148 3147
3149 3550	3149 3148
3150 3551	3150 3149
3151 3552	3151 3150
3152 3553	3152 3151
3153 3554	3153 3152
3154 3555	3154 3153
3155 3556	3155 3153
3156 3557	3156 3154
3157 3558	3157 3155
3158 3559	3158 3156
3159 3560	3159 3157
3160 3561	3160 3158
3161 3562	3161 3159
3162 3564	3162 3161
3163 3565	3163 3162
3164 3566	3164 3162
3165 3567	3165 3163
3166 3568	3166 3164
3167 3569	3167 3165
3168 3570	3168 3166
3169 3571	3169 3167
3170 3572	3170 3168
3171 3573	3171 3169
3172 3574	3172 3170
3173 3575	3173 3170
3174 3576	3174 3171
3175 3577	3175 3172
3176 3578	3176 3173
3177 3579	3177 3174
3178 3580	3178 3175
3179 3581	3179 3176
3180 3582	3180 3177
3181 3583	3181 3178
3182 3584	3182 3179
3183 3585	3183 3179
3184 3586	3184 3180
3185 3587	3185 3181
3186 3588	3186 3182
3187 3589	3187 3183
3188 3591	3188 3185
3190 3592	3190 3186
3191 3593	3191 3187
3192 3594	3192 3188
3193 3595	3193 3188
3194 3596	3194 3189
3195 3597	3195 3190
3196 3598	3196 3191
3197 3599	3197 3192
3198 3600	3198 3193
3199 3601	3199 3194
3200 3602	3200 3195
3201 3603	3201 3196
3202 3604	3202 3196
3203 3605	3203 3197
3204 3606	3204 3198
3205 3607	3205 3199
3206 3608	3206 3200
3207 3609	3207 3201
3208 3610	3208 3202
3209 3611	3209 3203
3210 3612	3210 3204
3211 3613	3211 3205
3212 3614	3212 3205
3213 3615	3213 3206
3214 3616	3214 3207
3215 3617	3215 3208
3216 3618	3216 3209
3217 3619	3217 3210
3218 3621	3218 3212
3219 3622	3219 3213
3220 3623	3220 3214
3221 3624	3221 3214
3222 3625	3222 3215
3223 3626	3223 3216
3224 3627	3224 3217
3225 3628	3225 3218
3226 3629	3226 3219
3227 3630	3227 3220
3228 3631	3228 3221
3229 3632	3229 3222
3230 3633	3230 3223
3231 3634	3231 3223
3233 3635	3233 3224
3234 3636	3234 3225
3235 3637	3235 3226
3236 3638	3236 3227
3237 3639	3237 3228
3238 3640	3238 3229
3239 3641	3239 3230
3240 3642	3240 3231
3241 3643	3241 3232
3242 3644	3242 3232
3243 3645	3243 3233
3244 3646	3244 3234
3245 3647	3245 3235
3246 3648	3246 3236
3247 3649	3247 3237
3248 3650	3248 3238
3249 3651	3249 3239
3250 3652	3250 3240
3251 3654	3251 3242
3252 3655	3252 3242
3253 3656	3253 3243
3254 3657	3254 3244
3255 3658	3255 3245
3256 3659	3256 3246
3257 3660	3257 3247
3258 3661	3258 3248
3259 3662	3259 3249
3260 3663	3260 3250
3261 3664	3261 3251
3262 3665	3262 3252
3263 3666	3263 3252
3264 3667	3264 3253
3265 3668	3265 3254
3266 3669	3266 3255
3267 3670	3267 3256
3268 3671	3268 3257
3269 3672	3269 3258
3270 3673	3270 3259
3271 3674	3271 3260
3272 3675	3272 3261
3273 3676	3273 3262
3274 3677	3274 3262
3276 3678	3276 3263
3277 3679	3277 3264
3278 3680	3278 3265
3279 3681	3279 3266
3280 3682	3280 3267
3281 3683	3281 3268
3282 3684	3282 3269
3283 3685	3283 3270
3284 3686	3284 3271
3285 3687	3285 3272
3286 3688	3286 3273
3287 3690	3287 3274
3288 3691	3288 3275
3289 3692	3289 3276
3290 3693	3290 3277
3291 3694	3291 3278
3292 3695	3292 3279
3293 3696	3293 3280
3294 3697	3294 3281
3295 3698	3295 3282
3296 3699	3296 3283
3297 3700	3297 3284
3298 3701	3298 3285
3299 3702	3299 3286
3300 3703	3300 3286
3301 3704	3301 3287
3302 3705	3302 3288
3303 3706	3303 3289
3304 3707	3304 3290
3305 3708	3305 3291
3306 3709	3306 3292
3307 3710	3307 3293
3308 3711	3308 3294
3309 3712	3309 3295
3310 3713	3310 3296
3311 3714	3311 3297
3312 3715	3312 3298
3313 3716	3313 3299
3314 3717	3314 3300
3315 3718	3315 3300
3316 3719	3316 3301
3317 3720	3317 3302
3318 3721	3318 3303
3320 3722	3320 3304
3321 3723	3321 3305
3322 3724	3322 3306
3323 3725	3323 3307
3324 3726	3324 3308
3325 3727	3325 3309
3326 3728	3326 3310
3327 3730	3327 3312
3328 3731	3328 3313
3329 3732	3329 3314
3330 3733	3330 3315
3331 3734	3331 3316
3332 3735	3332 3317
3333 3736	3333 3318
3334 3737	3334 3319
3335 3738	3335 3319
3336 3739	3336 3320
3337 3740	3337 3321
3338 3741	3338 3322
3339 3742	3339 3323
3340 3743	3340 3324
3341 3744	3341 3325
3342 3745	3342 3326
3343 3746	3343 3327
3344 3747	3344 3328
3345 3748	3345 3329
3346 3749	3346 3330
3347 3750	3347 3331
3348 3751	3348 3332
3349 3752	3349 3333
3350 3753	3350 3334
3351 3754	3351 3335
3352 3755	3352 3336
3353 3756	3353 3337
3354 3757	3354 3338
3355 3758	3355 3339
3356 3759	3356 3340
3357 3760	3357 3341
3358 3761	3358 3342
3359 3762	3359 3343
3360 3763	3360 3344
3361 3764	3361 3345
3363 3765	3363 3346
3364 3766	3364 3347
3365 3767	3365 3348
3366 3768	3366 3349
3367 3769	3367 3350
3368 3770	3368 3351
3369 3771	3369 3352
3370 3772	3370 3353
3371 3773	3371 3354
3372 3774	3372 3355
3373 3775	3373 3356
3374 3776	3374 3357
3375 3777	3375 3358
3376 3779	3376 3360
3377 3780	3377 3361
3378 3781	3378 3362
3379 3782	3379 3363
3380 3783	3380 3364
3381 3784	3381 3365
3382 3785	3382 3366
3383 3786	3383 3367
3384 3787	3384 3368
3385 3788	3385 3369
3386 3789	3386 3370
3387 3790	3387 3371
3388 3791	3388 3372
3389 3792	3389 3373
3390 3793	3390 3374
3391 3794	3391 3375
3392 3795	3392 3376
3393 3796	3393 3377
3394 3797	3394 3378
3395 3798	3395 3379
3396 3799	3396 3380
3397 3800	3397 3381
3398 3801	3398 3382
3399 3802	3399 3383
3400 3803	3400 3384
3401 3804	3401 3385
3402 3805	3402 3386
3403 3806	3403 3387
3404 3807	3404 3388
3406 3808	3406 3389
3407 3809	3407 3391
3408 3810	3408 3392
3409 3811	3409 3393
3410 3812	3410 3394
3411 3813	3411 3395
3412 3814	3412 3396
3413 3815	3413 3397
3414 3816	3414 3398
3415 3817	3415 3399
3416 3818	3416 3400
3417 3819	3417 3401
3418 3820	3418 3402
3419 3821	3419 3403
3420 3822	3420 3404
3421 3823	3421 3405
3422 3824	3422 3407
3423 3825	3423 3408
3424 3826	3424 3409
3425 3827	3425 3410
3426 3828	3426 3411
3427 3829	3427 3412
3428 3830	3428 3413
3429 3831	3429 3414
3430 3832	3430 3415
3431 3833	3431 3416
3432 3834	3432 3417
3433 3835	3433 3419
3434 3836	3434 3420
3435 3837	3435 3421
3436 3838	3436 3422
3437 3839	3437 3423
3438 3840	3438 3424
3439 3842	3439 3426
3440 3843	3440 3427
3441 3844	3441 3429
3442 3845	3442 3430
3443 3846	3443 3431
3444 3847	3444 3432
3445 3848	3445 3433
3446 3849	3446 3434
3447 3850	3447 3435
3449 3851	3449 3436
3450 3852	3450 3438
3451 3853	3451 3439
3452 3854	3452 3440
3453 3855	3453 3441
3454 3856	3454 3442
3455 3857	3455 3443
3456 3858	3456 3445
3457 3859	3457 3446
3458 3860	3458 3447
3459 3861	3459 3448
3460 3862	3460 3449
3461 3863	3461 3450
3462 3864	3462 3451
3463 3865	3463 3453
3464 3866	3464 3454
3465 3867	3465 3455
3466 3868	3466 3456
3467 3869	3467 3457
3468 3870	3468 3459
3469 3871	3469 3460
3470 3872	3470 3461
3471 3873	3471 3462
3472 3874	3472 3463
3473 3875	3473 3465
3474 3876	3474 3466
3475 3877	3475 3467
3476 3878	3476 3468
3477 3879	3477 3469
3478 3880	3478 3471
3479 3881	3479 3472
3480 3882	3480 3473
3481 3883	3481 3474
3482 3884	3482 3475
3483 3885	3483 3477
3484 3886	3484 3478
3485 3887	3485 3479
3486 3888	3486 3480
3487 3889	3487 3482
3488 3890	3488 3483
3489 3891	3489 3484
3490 3892	3490 3485
3492 3893	3492 3487
3493 3894	3493 3488
3494 3895	3494 3489
3495 3896	3495 3490
3496 3897	3496 3492
3497 3898	3497 3493
3498 3899	3498 3494
3499 3900	3499 3496
3500 3901	3500 3497
3501 3902	3501 3498
3502 3903	3502 3499
3503 3904	3503 3501
3504 3905	3504 3502
3505 3906	3505 3503
3506 3907	3506 3505
3507 3908	3507 3506
3508 3909	3508 3507
3509 3910	3509 3508
3510 3911	3510 3510
3511 3912	3511 3511
3512 3913	3512 3512
3513 3914	3513 3514
3514 3915	3514 3515
3515 3916	3515 3516
3516 3917	3516 3518
3517 3918	3517 3519
3518 3919	3518 3520
3519 3920	3519 3522
3520 3921	3520 3523
3521 3922	3521 3524
3522 3923	3522 3526
3523 3924	3523 3527
3524 3925	3524 3529
3525 3926	3525 3530
3526 3927	3526 3531
3527 3928	3527 3533
3528 3929	3528 3534
3529 3930	3529 3535
3530 3931	3530 3537
3531 3932	3531 3538
3532 3933	3532 3540
3533 3934	3533 3541
3535 3935	3535 3542
3536 3936	3536 3544
3537 3937	3537 3545
3538 3938	3538 3547
3539 3939	3539 3548
3540 3940	3540 3549
3541 3941	3541 3551
3542 3942	3542 3552
3543 3943	3543 3554
3544 3944	3544 3555
3545 3945	3545 3557
3546 3946	3546 3558
3547 3947	3547 3560
3548 3948	3548 3561
3549 3949	3549 3562
3550 3950	3550 3564
3551 3951	3551 3565
3552 3952	3552 3567
3553 3953	3553 3568
3554 3954	3554 3570
3555 3955	3555 3571
3556 3956	3556 3573
3557 3957	3557 3574
3558 3958	3558 3576
3559 3959	3559 3577
3560 3960	3560 3579
3561 3961	3561 3580
3562 3962	3562 3582
3563 3963	3563 3583
3564 3964	3564 3585
3565 3965	3565 3586
3566 3966	3566 3588
3567 3967	3567 3589
3568 3968	3568 3591
3569 3969	3569 3593
3570 3970	3570 3594
3571 3971	3571 3596
3572 3972	3572 3597
3573 3973	3573 3599
3574 3974	3574 3600
3575 3975	3575 3602
3576 3976	3576 3604
3578 3977	3578 3605
3579 3978	3579 3607
3580 3979	3580 3608
3581 3980	3581 3610
3582 3981	3582 3612
3583 3982	3583 3613
3584 3983	3584 3615
3585 3984	3585 3616
3586 3985	3586 3618
3587 3986	3587 3620
3588 3987	3588 3621
3589 3988	3589 3623
3590 3989	3590 3625
3591 3990	3591 3626
3592 3991	3592 3628
3593 3992	3593 3630
3594 3993	3594 3631
3595 3994	3595 3633
3596 3995	3596 3635
3597 3996	3597 3636
3598 3997	3598 3638
3599 3998	3599 3640
3600 3999	3600 3642
3601 4000	3601 3643
3602 4001	3602 3645
3603 4002	3603 3647
3604 4003	3604 3648
3605 4004	3605 3650
3606 4005	3606 3652
3607 4006	3607 3654
3608 4007	3608 3655
3609 4008	3609 3657
3610 4009	3610 3659
3611 4010	3611 3661
3612 4011	3612 3662
3613 4012	3613 3664
3614 4013	3614 3666
3615 4014	3615 3668
3616 4015	3616 3670
3617 4016	3617 3671
3618 4017	3618 3673
3619 4018	3619 3675
3621 4019	3621 3677
3622 4020	3622 3679
3623 4021	3623 3681
3624 4022	3624 3682
3625 4023	3625 3684
3626 4024	3626 3686
3627 4025	3627 3688
3628 4026	3628 3690
3629 4027	3629 3692
3630 4028	3630 3694
3631 4029	3631 3696
3632 4030	3632 3697
3633 4031	3633 3699
3634 4032	3634 3701
3635 4033	3635 3703
3636 4034	3636 3705
3637 4035	3637 3707
3638 4036	3638 3709
3639 4037	3639 3711
3640 4038	3640 3713
3641 4039	3641 3715
3642 4040	3642 3717
3643 4041	3643 3719
3644 4042	3644 3721
3645 4043	3645 3723
3646 4044	3646 3725
3647 4045	3647 3727
3648 4046	3648 3729
3649 4047	3649 3731
3650 4048	3650 3733
3651 4049	3651 3735
3652 4050	3652 3737
3653 4051	3653 3739
3654 4052	3654 3741
3655 4053	3655 3743
3656 4054	3656 3745
3657 4055	3657 3747
3658 4056	3658 3749
3659 4057	3659 3751
3660 4058	3660 3753
3661 4059	3661 3756
3662 4060	3662 3758
3664 4061	3664 3760
3665 4062	3665 3762
3666 4063	3666 3764
3667 4064	3667 3766
3668 4065	3668 3768
3669 4066	3669 3770
3670 4067	3670 3773
3671 4068	3671 3775
3672 4069	3672 3777
3673 4070	3673 3779
3674 4071	3674 3781
3675 4072	3675 3784
3676 4073	3676 3786
3677 4074	3677 3788
3678 4075	3678 3790
3679 4076	3679 3792
3680 4077	3680 3795
3681 4078	3681 3797
3682 4079	3682 3799
3683 4080	3683 3802
3684 4081	3684 3804
3685 4082	3685 3806
3686 4083	3686 3808
3687 4084	3687 3811
3688 4085	3688 3813
3689 4086	3689 3815
3690 4087	3690 3818
3691 4088	3691 3820
3692 4089	3692 3822
3693 4090	3693 3825
3694 4091	3694 3827
3695 4092	3695 3829
3696 4093	3696 3832
3697 4094	3697 3834
3698 4095	3698 3837
3699 4095	3699 3837
3700 4095	3700 3837
3701 4095	3701 3837
3702 4095	3702 3837
3703 4095	3703 3837
3704 4095	3704 3837
3705 4095	3705 3837
3706 4095	3706 3837
3708 4095	3708 3837
3709 4095	3709 3837
3710 4095	3710 3837
3711 4095	3711 3837
3712 4095	3712 3837
3713 4095	3713 3837
3714 4095	3714 3837
3715 4095	3715 3837
3716 4095	3716 3837
3717 4095	3717 3837
3718 4095	3718 3837
3719 4095	3719 3837
3720 4095	3720 3837
3721 4095	3721 3837
3722 4095	3722 3837
3723 4095	3723 3837
3724 4095	3724 3837
3725 4095	3725 3837
3726 4095	3726 3837
3727 4095	3727 3837
3728 4095	3728 3837
3729 4095	3729 3837
3730 4095	3730 3837
3731 4095	3731 3837
3732 4095	3732 3837
3733 4095	3733 3837
3734 4095	3734 3837
3735 4095	3735 3837
3736 4095	3736 3837
3737 4095	3737 3837
3738 4095	3738 3837
3739 4095	3739 3837
3740 4095	3740 3837
3741 4095	3741 3837
3742 4095	3742 3837
3743 4095	3743 3837
3744 4095	3744 3837
3745 4095	3745 3837
3746 4095	3746 3837
3747 4095	3747 3837
3748 4095	3748 3837
3749 4095	3749 3837
3751 4095	3751 3837
3752 4095	3752 3837
3753 4095	3753 3837
3754 4095	3754 3837
3755 4095	3755 3837
3756 4095	3756 3837
3757 4095	3757 3837
3758 4095	3758 3837
3759 4095	3759 3837
3760 4095	3760 3837
3761 4095	3761 3837
3762 4095	3762 3837
3763 4095	3763 3837
3764 4095	3764 3837
3765 4095	3765 3837
3766 4095	3766 3837
3767 4095	3767 3837
3768 4095	3768 3837
3769 4095	3769 3837
3770 4095	3770 3837
3771 4095	3771 3837
3772 4095	3772 3837
3773 4095	3773 3837
3774 4095	3774 3837
3775 4095	3775 3837
3776 4095	3776 3837
3777 4095	3777 3837
3778 4095	3778 3837
3779 4095	3779 3837
3780 4095	3780 3837
3781 4095	3781 3837
3782 4095	3782 3837
3783 4095	3783 3837
3784 4095	3784 3837
3785 4095	3785 3837
3786 4095	3786 3837
3787 4095	3787 3837
3788 4095	3788 3837
3789 4095	3789 3837
3790 4095	3790 3837
3791 4095	3791 3837
3792 4095	3792 3837
3794 4095	3794 3837
3795 4095	3795 3837
3796 4095	3796 3837
3797 4095	3797 3837
3798 4095	3798 3837
3799 4095	3799 3837
3800 4095	3800 3837
3801 4095	3801 3837
3802 4095	3802 3837
3803 4095	3803 3837
3804 4095	3804 3837
3805 4095	3805 3837
3806 4095	3806 3837
3807 4095	3807 3837
3808 4095	3808 3837
3809 4095	3809 3837
3810 4095	3810 3837
3811 4095	3811 3837
3812 4095	3812 3837
3813 4095	3813 3837
3814 4095	3814 3837
3815 4095	3815 3837
3816 4095	3816 3837
3817 4095	3817 3837
3818 4095	3818 3837
3819 4095	3819 3837
3820 4095	3820 3837
3821 4095	3821 3837
3822 4095	3822 3837
3823 4095	3823 3837
3824 4095	3824 3837
3825 4095	3825 3837
3826 4095	3826 3837
3827 4095	3827 3837
3828 4095	3828 3837
3829 4095	3829 3837
3830 4095	3830 3837
3831 4095	3831 3837
3832 4095	3832 3837
3833 4095	3833 3837
3834 4095	3834 3837
3835 4095	3835 3837
3837 4095	3837 3837
3838 4095	3838 3837
3839 4095	3839 3837
3840 4095	3840 3837
3841 4095	3841 3837
3842 4095	3842 3837
3843 4095	3843 3837
3844 4095	3844 3837
3845 4095	3845 3837
3846 4095	3846 3837
3847 4095	3847 3837
3848 4095	3848 3837
3849 4095	3849 3837
3850 4095	3850 3837
3851 4095	3851 3837
3852 4095	3852 3837
3853 4095	3853 3837
3854 4095	3854 3837
3855 4095	3855 3837
3856 4095	3856 3837
3857 4095	3857 3837
3858 4095	3858 3837
3859 4095	3859 3837
3860 4095	3860 3837
3861 4095	3861 3837
3862 4095	3862 3837
3863 4095	3863 3837
3864 4095	3864 3837
3865 4095	3865 3837
3866 4095	3866 3837
3867 4095	3867 3837
3868 4095	3868 3837
3869 4095	3869 3837
3870 4095	3870 3837
3871 4095	3871 3837
3872 4095	3872 3837
3873 4095	3873 3837
3874 4095	3874 3837
3875 4095	3875 3837
3876 4095	3876 3837
3877 4095	3877 3837
3878 4095	3878 3837
3880 4095	3880 3837
3881 4095	3881 3837
3882 4095	3882 3837
3883 4095	3883 3837
3884 4095	3884 3837
3885 4095	3885 3837
3886 4095	3886 3837
3887 4095	3887 3837
3888 4095	3888 3837
3889 4095	3889 3837
3890 4095	3890 3837
3891 4095	3891 3837
3892 4095	3892 3837
3893 4095	3893 3837
3894 4095	3894 3837
3895 4095	3895 3837
3896 4095	3896 3837
3897 4095	3897 3837
3898 4095	3898 3837
3899 4095	3899 3837
3900 4095	3900 3837
3901 4095	3901 3837
3902 4095	3902 3837
3903 4095	3903 3837
3904 4095	3904 3837
3905 4095	3905 3837
3906 4095	3906 3837
3907 4095	3907 3837
3908 4095	3908 3837
3909 4095	3909 3837
3910 4095	3910 3837
3911 4095	3911 3837
3912 4095	3912 3837
3913 4095	3913 3837
3914 4095	3914 3837
3915 4095	3915 3837
3916 4095	3916 3837
3917 4095	3917 3837
3918 4095	3918 3837
3919 4095	3919 3837
3920 4095	3920 3837
3921 4095	3921 3837
3923 4095	3923 3837
3924 4095	3924 3837
3925 4095	3925 3837
3926 4095	3926 3837
3927 4095	3927 3837
3928 4095	3928 3837
3929 4095	3929 3837
3930 4095	3930 3837
3931 4095	3931 3837
3932 4095	3932 3837
3933 4095	3933 3837
3934 4095	3934 3837
3935 4095	3935 3837
3936 4095	3936 3837
3937 4095	3937 3837
3938 4095	3938 3837
3939 4095	3939 3837
3940 4095	3940 3837
3941 4095	3941 3837
3942 4095	3942 3837
3943 4095	3943 3837
3944 4095	3944 3837
3945 4095	3945 3837
3946 4095	3946 3837
3947 4095	3947 3837
3948 4095	3948 3837
3949 4095	3949 3837
3950 4095	3950 3837
3951 4095	3951 3837
3952 4095	3952 3837
3953 4095	3953 3837
3954 4095	3954 3837
3955 4095	3955 3837
3956 4095	3956 3837
3957 4095	3957 3837
3958 4095	3958 3837
3959 4095	3959 3837
3960 4095	3960 3837
3961 4095	3961 3837
3962 4095	3962 3837
3963 4095	3963 3837
3964 4095	3964 3837
3966 4095	3966 3837
3967 4095	3967 3837
3968 4095	3968 3837
3969 4095	3969 3837
3970 4095	3970 3837
3971 4095	3971 3837
3972 4095	3972 3837
3973 4095	3973 3837
3974 4095	3974 3837
3975 4095	3975 3837
3976 4095	3976 3837
3977 4095	3977 3837
3978 4095	3978 3837
3979 4095	3979 3837
3980 4095	3980 3837
3981 4095	3981 3837
3982 4095	3982 3837
3983 4095	3983 3837
3984 4095	3984 3837
3985 4095	3985 3837
3986 4095	3986 3837
3987 4095	3987 3837
3988 4095	3988 3837
3989 4095	3989 3837
3990 4095	3990 3837
3991 4095	3991 3837
3992 4095	3992 3837
3993 4095	3993 3837
3994 4095	3994 3837
3995 4095	3995 3837
3996 4095	3996 3837
3997 4095	3997 3837
3998 4095	3998 3837
3999 4095	3999 3837
4000 4095	4000 3837
4001 4095	4001 3837
4002 4095	4002 3837
4003 4095	4003 3837
4004 4095	4004 3837
4005 4095	4005 3837
4006 4095	4006 3837
4007 4095	4007 3837
4009 4095	4009 3837
4010 4095	4010 3837
4011 4095	4011 3837
4012 4095	4012 3837
