81 98
82 98
83 99
84 100
85 100
87 101
88 101
89 102
90 103
91 103
92 104
93 105
94 106
95 106
96 107
97 107
98 108
99 109
100 110
101 110
102 111
103 111
104 113
105 113
106 114
107 114
108 116
109 116
110 117
111 117
112 118
113 119
114 120
115 121
116 121
117 122
118 123
119 124
120 124
121 125
122 126
123 127
124 128
125 128
126 129
127 130
128 131
130 132
131 132
132 134
133 134
134 135
135 136
136 136
137 138
138 138
139 139
140 140
141 141
142 142
143 143
144 143
145 144
146 145
147 146
148 147
149 147
150 149
151 150
152 150
153 151
154 152
155 153
156 154
157 155
158 155
159 156
160 158
161 158
162 159
163 160
164 161
165 162
166 163
167 164
168 164
169 166
170 167
171 167
173 168
174 170
175 170
176 171
177 172
178 173
179 174
180 175
181 176
182 177
183 177
184 179
185 180
186 180
187 181
188 183
189 184
190 184
191 185
192 186
193 188
194 188
195 189
196 190
197 191
198 192
199 193
200 194
201 195
202 196
203 197
204 198
205 199
206 200
207 201
208 202
209 203
210 204
211 205
212 206
213 207
214 208
216 209
217 210
218 211
219 212
220 213
221 213
222 215
223 216
224 217
225 218
226 219
227 220
228 221
229 222
230 223
231 224
232 225
233 226
234 227
235 229
236 229
237 230
238 231
239 232
240 234
241 234
242 235
243 236
244 237
245 239
246 240
247 240
248 241
249 243
250 244
251 245
252 246
253 246
254 248
255 249
256 250
257 251
259 252
260 253
261 254
262 255
263 256
264 258
265 258
266 259
267 260
268 261
269 263
270 264
271 265
272 265
273 267
274 268
275 269
276 270
277 271
278 272
279 273
280 274
281 275
282 276
283 278
284 278
285 279
286 280
287 282
288 283
289 284
290 285
291 285
292 287
293 288
294 289
295 290
296 292
297 293
298 293
299 294
300 295
302 297
303 298
304 299
305 300
306 300
307 302
308 303
309 304
310 305
311 307
312 308
313 308
314 309
315 310
316 312
317 313
318 314
319 315
320 316
321 317
322 318
323 319
324 320
325 322
326 323
327 324
328 324
329 325
330 327
331 328
332 329
333 330
334 331
335 332
336 333
337 334
338 335
339 337
340 338
341 339
342 340
343 340
345 342
346 343
347 344
348 345
349 347
350 348
351 348
352 349
353 350
354 352
355 353
356 354
357 355
358 356
359 357
360 358
361 359
362 360
363 362
364 363
365 364
366 364
367 365
368 367
369 368
370 369
371 370
372 371
373 373
374 373
375 374
376 375
377 377
378 378
379 379
380 380
381 381
382 382
383 383
384 384
385 385
386 386
388 388
389 389
390 389
391 390
392 392
393 393
394 394
395 395
396 396
397 397
398 398
399 399
400 400
401 401
402 403
403 404
404 405
405 405
406 407
407 408
408 409
409 410
410 411
411 413
412 413
413 414
414 415
415 416
416 418
417 419
418 420
419 420
420 422
421 423
422 424
423 425
424 426
425 428
426 428
427 429
428 430
429 431
430 433
432 434
433 435
434 436
435 437
436 438
437 439
438 440
439 441
440 443
441 443
442 444
443 445
444 446
445 448
446 449
447 450
448 450
449 452
450 453
451 454
452 455
453 456
454 458
455 458
456 459
457 460
458 461
459 463
460 464
461 465
462 465
463 467
464 468
465 469
466 470
467 471
468 472
469 473
470 474
471 475
472 476
473 478
475 479
476 479
477 480
478 482
479 483
480 484
481 485
482 485
483 487
484 488
485 489
486 490
487 491
488 492
489 493
490 494
491 495
492 496
493 498
494 499
495 499
496 500
497 502
498 503
499 504
500 505
501 505
502 507
503 508
504 509
505 510
506 511
507 512
508 513
509 514
510 515
511 517
512 518
513 518
514 519
515 520
516 522
518 523
519 524
520 524
521 525
522 527
523 528
524 529
525 530
526 530
527 532
528 533
529 534
530 535
531 536
532 537
533 538
534 539
535 540
536 542
537 542
538 543
539 544
540 545
541 547
542 548
543 548
544 549
545 551
546 552
547 553
548 554
549 554
550 556
551 557
552 558
553 559
554 560
555 561
556 562
557 563
558 564
559 565
561 566
562 567
563 568
564 569
565 571
566 571
567 572
568 573
569 574
570 576
571 576
572 577
573 578
574 579
575 581
576 582
577 582
578 583
579 584
580 586
581 587
582 587
583 588
584 590
585 591
586 592
587 593
588 593
589 595
590 596
591 597
592 598
593 598
594 600
595 601
596 602
597 603
598 603
599 605
600 606
601 607
602 608
604 609
605 610
606 611
607 612
608 613
609 614
610 615
611 616
612 617
613 618
614 619
615 620
616 621
617 622
618 623
619 624
620 625
621 626
622 627
623 629
624 629
625 630
626 631
627 632
628 634
629 634
630 635
631 636
632 637
633 639
634 639
635 640
636 641
637 642
638 644
639 644
640 645
641 646
642 647
643 649
644 649
645 650
647 651
648 653
649 654
650 654
651 655
652 656
653 658
654 659
655 659
656 660
657 661
658 663
659 664
660 664
661 665
662 666
663 668
664 669
665 669
666 670
667 672
668 673
669 673
670 674
671 675
672 677
673 678
674 678
675 679
676 680
677 682
678 683
679 683
680 684
681 685
682 687
683 688
684 688
685 689
686 690
687 692
688 692
690 693
691 694
692 696
693 697
694 697
695 698
696 699
697 701
698 702
699 702
700 703
701 704
702 706
703 707
704 707
705 708
706 709
707 711
708 711
709 712
710 713
711 714
712 716
713 716
714 717
715 718
716 719
717 720
718 721
719 722
720 723
721 725
722 725
723 726
724 727
725 728
726 730
727 730
728 731
729 732
730 733
731 734
733 735
734 736
735 737
736 738
737 739
738 740
739 741
740 742
741 743
742 744
743 745
744 746
745 747
746 748
747 749
748 750
749 751
750 752
751 753
752 754
753 755
754 756
755 757
756 758
757 759
758 760
759 761
760 762
761 763
762 764
763 765
764 766
765 766
766 768
767 769
768 770
769 771
770 771
771 773
772 774
773 775
774 775
776 776
777 778
778 779
779 780
780 780
781 781
782 783
783 784
784 785
785 785
786 786
787 788
788 789
789 789
790 790
791 791
792 793
793 794
794 794
795 795
796 797
797 798
798 798
799 799
800 800
801 802
802 803
803 803
804 804
805 805
806 807
807 807
808 808
809 809
810 810
811 812
812 812
813 813
814 814
815 815
816 817
817 817
818 818
820 819
821 820
822 821
823 822
824 823
825 824
826 825
827 826
828 827
829 828
830 829
831 830
832 831
833 832
834 833
835 834
836 835
837 836
838 837
839 838
840 839
841 840
842 841
843 842
844 843
845 844
846 844
847 846
848 847
849 848
850 849
851 849
852 851
853 852
854 853
855 854
856 855
857 856
858 857
859 858
860 858
861 860
863 861
864 862
865 863
866 863
867 865
868 866
869 867
870 868
871 868
872 870
873 871
874 872
875 873
876 873
877 875
878 876
879 877
880 877
881 878
882 880
883 881
884 882
885 882
886 883
887 885
888 886
889 887
890 887
891 888
892 890
893 891
894 892
895 892
896 893
897 895
898 896
899 897
900 897
901 898
902 900
903 901
904 901
906 902
907 903
908 905
909 906
910 906
911 907
912 908
913 910
914 911
915 911
916 912
917 913
918 915
919 916
920 916
921 917
922 918
923 920
924 921
925 921
926 922
927 923
928 925
929 926
930 926
931 927
932 928
933 930
934 931
935 931
936 932
937 933
938 935
939 936
940 936
941 937
942 938
943 940
944 941
945 941
946 942
947 943
949 945
950 946
951 946
952 947
953 948
954 950
955 951
956 952
957 952
958 953
959 955
960 956
961 957
962 957
963 958
964 960
965 961
966 962
967 962
968 963
969 965
970 966
971 967
972 967
973 968
974 970
975 971
976 972
977 972
978 973
979 974
980 976
981 977
982 978
983 978
984 979
985 981
986 982
987 983
988 983
989 984
990 986
992 987
993 988
994 988
995 989
996 991
997 992
998 993
999 994
1000 994
1001 996
1002 997
1003 998
1004 999
1005 999
1006 1001
1007 1002
1008 1003
1009 1004
1010 1005
1011 1006
1012 1007
1013 1008
1014 1009
1015 1010
1016 1011
1017 1012
1018 1013
1019 1014
1020 1015
1021 1016
1022 1017
1023 1018
1024 1019
1025 1020
1026 1022
1027 1022
1028 1023
1029 1024
1030 1025
1031 1027
1032 1027
1033 1028
1035 1029
1036 1030
1037 1031
1038 1033
1039 1033
1040 1034
1041 1035
1042 1036
1043 1038
1044 1039
1045 1039
1046 1040
1047 1041
1048 1043
1049 1044
1050 1045
1051 1045
1052 1046
1053 1048
1054 1049
1055 1050
1056 1051
1057 1051
1058 1053
1059 1054
1060 1055
1061 1056
1062 1057
1063 1058
1064 1059
1065 1060
1066 1061
1067 1062
1068 1063
1069 1064
1070 1065
1071 1066
1072 1067
1073 1068
1074 1069
1075 1070
1076 1071
1078 1072
1079 1073
1080 1075
1081 1075
1082 1076
1083 1077
1084 1078
1085 1080
1086 1081
1087 1081
1088 1082
1089 1083
1090 1085
1091 1086
1092 1087
1093 1087
1094 1088
1095 1090
1096 1091
1097 1092
1098 1093
1099 1093
1100 1094
1101 1096
1102 1097
1103 1098
1104 1099
1105 1100
1106 1101
1107 1102
1108 1103
1109 1104
1110 1105
1111 1106
1112 1107
1113 1108
1114 1109
1115 1110
1116 1112
1117 1112
1118 1113
1119 1114
1121 1115
1122 1117
1123 1118
1124 1119
1125 1119
1126 1120
1127 1121
1128 1123
1129 1124
1130 1125
1131 1126
1132 1126
1133 1128
1134 1129
1135 1130
1136 1131
1137 1132
1138 1133
1139 1134
1140 1135
1141 1136
1142 1137
1143 1139
1144 1139
1145 1140
1146 1141
1147 1142
1148 1143
1149 1145
1150 1146
1151 1146
1152 1147
1153 1148
1154 1150
1155 1151
1156 1152
1157 1153
1158 1153
1159 1155
1160 1156
1161 1157
1162 1158
1164 1159
1165 1159
1166 1161
1167 1162
1168 1163
1169 1164
1170 1165
1171 1166
1172 1167
1173 1168
1174 1169
1175 1170
1176 1172
1177 1173
1178 1173
1179 1174
1180 1175
1181 1177
1182 1178
1183 1179
1184 1180
1185 1181
1186 1181
1187 1183
1188 1184
1189 1185
1190 1186
1191 1187
1192 1188
1193 1189
1194 1190
1195 1191
1196 1192
1197 1194
1198 1195
1199 1195
1200 1196
1201 1197
1202 1198
1203 1200
1204 1201
1205 1202
1207 1202
1208 1203
1209 1205
1210 1206
1211 1207
1212 1208
1213 1209
1214 1210
1215 1211
1216 1212
1217 1213
1218 1214
1219 1215
1220 1217
1221 1217
1222 1218
1223 1219
1224 1220
1225 1222
1226 1223
1227 1224
1228 1225
1229 1225
1230 1226
1231 1228
1232 1229
1233 1230
1234 1231
1235 1232
1236 1233
1237 1234
1238 1235
1239 1236
1240 1237
1241 1239
1242 1240
1243 1240
1244 1241
1245 1242
1246 1243
1247 1245
1248 1246
1249 1247
1251 1248
1252 1248
1253 1250
1254 1251
1255 1252
1256 1253
1257 1254
1258 1255
1259 1256
1260 1257
1261 1258
1262 1259
1263 1260
1264 1262
1265 1263
1266 1263
1267 1264
1268 1265
1269 1267
1270 1268
1271 1269
1272 1270
1273 1271
1274 1271
1275 1273
1276 1274
1277 1275
1278 1276
1279 1277
1280 1279
1281 1279
1282 1280
1283 1281
1284 1282
1285 1283
1286 1285
1287 1286
1288 1287
1289 1287
1290 1288
1291 1290
1292 1291
1294 1292
1295 1293
1296 1294
1297 1295
1298 1296
1299 1297
1300 1298
1301 1299
1302 1300
1303 1302
1304 1303
1305 1303
1306 1304
1307 1305
1308 1306
1309 1308
1310 1309
1311 1310
1312 1311
1313 1312
1314 1313
1315 1314
1316 1315
1317 1316
1318 1317
1319 1318
1320 1320
1321 1320
1322 1321
1323 1322
1324 1323
1325 1325
1326 1326
1327 1327
1328 1328
1329 1328
1330 1329
1331 1331
1332 1332
1333 1333
1334 1334
1335 1335
1337 1336
1338 1337
1339 1338
1340 1339
1341 1340
1342 1341
1343 1343
1344 1344
1345 1345
1346 1345
1347 1346
1348 1348
1349 1349
1350 1350
1351 1351
1352 1352
1353 1353
1354 1354
1355 1355
1356 1356
1357 1357
1358 1358
1359 1359
1360 1361
1361 1362
1362 1362
1363 1363
1364 1364
1365 1366
1366 1367
1367 1368
1368 1369
1369 1370
1370 1370
1371 1372
1372 1373
1373 1374
1374 1375
1375 1376
1376 1378
1377 1379
1378 1379
1380 1380
1381 1381
1382 1382
1383 1384
1384 1385
1385 1386
1386 1387
1387 1387
1388 1388
1389 1390
1390 1391
1391 1392
1392 1393
1393 1394
1394 1396
1395 1396
1396 1397
1397 1398
1398 1399
1399 1400
1400 1402
1401 1403
1402 1404
1403 1404
1404 1405
1405 1406
1406 1408
1407 1409
1408 1410
1409 1411
1410 1412
1411 1413
1412 1414
1413 1415
1414 1416
1415 1417
1416 1418
1417 1420
1418 1421
1419 1421
1420 1422
1421 1423
1423 1424
1424 1426
1425 1427
1426 1428
1427 1429
1428 1430
1429 1431
1430 1432
1431 1433
1432 1434
1433 1435
1434 1436
1435 1438
1436 1438
1437 1439
1438 1440
1439 1441
1440 1442
1441 1444
1442 1445
1443 1446
1444 1447
1445 1447
1446 1449
1447 1450
1448 1451
1449 1452
1450 1453
1451 1454
1452 1455
1453 1456
1454 1457
1455 1458
1456 1459
1457 1460
1458 1462
1459 1463
1460 1464
1461 1464
1462 1465
1463 1466
1464 1468
1466 1469
1467 1470
1468 1471
1469 1472
1470 1472
1471 1474
1472 1475
1473 1476
1474 1477
1475 1478
1476 1480
1477 1481
1478 1481
1479 1482
1480 1483
1481 1484
1482 1486
1483 1487
1484 1488
1485 1489
1486 1489
1487 1490
1488 1492
1489 1493
1490 1494
1491 1495
1492 1496
1493 1497
1494 1498
1495 1499
1496 1500
1497 1501
1498 1502
1499 1503
1500 1505
1501 1506
1502 1506
1503 1507
1504 1508
1505 1510
1506 1511
1507 1512
1509 1513
1510 1514
1511 1514
1512 1516
1513 1517
1514 1518
1515 1519
1516 1520
1517 1521
1518 1523
1519 1523
1520 1524
1521 1525
1522 1526
1523 1527
1524 1529
1525 1530
1526 1531
1527 1531
1528 1532
1529 1533
1530 1535
1531 1536
1532 1537
1533 1538
1534 1539
1535 1539
1536 1541
1537 1542
1538 1543
1539 1544
1540 1545
1541 1546
1542 1547
1543 1548
1544 1549
1545 1550
1546 1551
1547 1552
1548 1554
1549 1555
1550 1556
1552 1556
1553 1557
1554 1558
1555 1560
1556 1561
1557 1562
1558 1563
1559 1564
1560 1564
1561 1566
1562 1567
1563 1568
1564 1569
1565 1570
1566 1571
1567 1572
1568 1573
1569 1574
1570 1575
1571 1576
1572 1577
1573 1579
1574 1580
1575 1580
1576 1581
1577 1582
1578 1583
1579 1585
1580 1586
1581 1587
1582 1588
1583 1588
1584 1589
1585 1591
1586 1592
1587 1593
1588 1594
1589 1595
1590 1596
1591 1597
1592 1598
1593 1599
1595 1600
1596 1601
1597 1602
1598 1604
1599 1604
1600 1605
1601 1606
1602 1607
1603 1608
1604 1610
1605 1611
1606 1612
1607 1612
1608 1613
1609 1614
1610 1616
1611 1617
1612 1618
1613 1619
1614 1619
1615 1620
1616 1622
1617 1623
1618 1624
1619 1625
1620 1626
1621 1627
1622 1628
1623 1629
1624 1630
1625 1631
1626 1632
1627 1633
1628 1635
1629 1635
1630 1636
1631 1637
1632 1638
1633 1639
1634 1640
1635 1642
1636 1643
1637 1643
1639 1644
1640 1645
1641 1646
1642 1648
1643 1649
1644 1650
1645 1650
1646 1651
1647 1652
1648 1654
1649 1655
1650 1656
1651 1657
1652 1658
1653 1658
1654 1660
1655 1661
1656 1662
1657 1663
1658 1664
1659 1665
1660 1666
1661 1667
1662 1668
1663 1669
1664 1670
1665 1671
1666 1673
1667 1673
1668 1674
1669 1675
1670 1676
1671 1677
1672 1678
1673 1680
1674 1680
1675 1681
1676 1682
1677 1683
1678 1684
1679 1686
1680 1687
1682 1688
1683 1688
1684 1689
1685 1690
1686 1692
1687 1693
1688 1694
1689 1695
1690 1695
1691 1696
1692 1697
1693 1699
1694 1700
1695 1701
1696 1702
1697 1702
1698 1703
1699 1705
1700 1706
1701 1707
1702 1708
1703 1709
1704 1710
1705 1711
1706 1712
1707 1713
1708 1714
1709 1715
1710 1716
1711 1717
1712 1718
1713 1719
1714 1720
1715 1721
1716 1722
1717 1723
1718 1724
1719 1725
1720 1726
1721 1727
1722 1728
1723 1729
1725 1731
1726 1731
1727 1732
1728 1733
1729 1734
1730 1735
1731 1736
1732 1738
1733 1738
1734 1739
1735 1740
1736 1741
1737 1742
1738 1744
1739 1745
1740 1745
1741 1746
1742 1747
1743 1748
1744 1750
1745 1751
1746 1752
1747 1752
1748 1753
1749 1754
1750 1755
1751 1757
1752 1758
1753 1759
1754 1760
1755 1760
1756 1761
1757 1763
1758 1764
1759 1765
1760 1766
1761 1767
1762 1767
1763 1768
1764 1770
1765 1771
1766 1772
1768 1773
1769 1773
1770 1774
1771 1776
1772 1777
1773 1778
1774 1779
1775 1780
1776 1780
1777 1781
1778 1783
1779 1784
1780 1785
1781 1786
1782 1787
1783 1787
1784 1789
1785 1790
1786 1791
1787 1792
1788 1793
1789 1794
1790 1794
1791 1796
1792 1797
1793 1798
1794 1799
1795 1800
1796 1801
1797 1801
1798 1803
1799 1804
1800 1805
1801 1806
1802 1807
1803 1808
1804 1809
1805 1810
1806 1811
1807 1812
1808 1813
1809 1814
1811 1815
1812 1816
1813 1817
1814 1818
1815 1819
1816 1820
1817 1821
1818 1822
1819 1823
1820 1824
1821 1825
1822 1826
1823 1827
1824 1828
1825 1829
1826 1830
1827 1831
1828 1832
1829 1833
1830 1834
1831 1835
1832 1836
1833 1837
1834 1838
1835 1839
1836 1840
1837 1841
1838 1842
1839 1843
1840 1844
1841 1845
1842 1846
1843 1847
1844 1848
1845 1849
1846 1850
1847 1851
1848 1852
1849 1853
1850 1854
1851 1855
1852 1856
1854 1857
1855 1858
1856 1859
1857 1860
1858 1861
1859 1862
1860 1863
1861 1864
1862 1865
1863 1866
1864 1867
1865 1868
1866 1869
1867 1870
1868 1871
1869 1872
1870 1873
1871 1874
1872 1875
1873 1876
1874 1877
1875 1878
1876 1879
1877 1880
1878 1881
1879 1882
1880 1883
1881 1884
1882 1885
1883 1886
1884 1887
1885 1888
1886 1888
1887 1890
1888 1891
1889 1892
1890 1893
1891 1894
1892 1895
1893 1895
1894 1897
1895 1898
1897 1899
1898 1900
1899 1901
1900 1902
1901 1902
1902 1904
1903 1905
1904 1906
1905 1907
1906 1908
1907 1908
1908 1909
1909 1911
1910 1912
1911 1913
1912 1914
1913 1915
1914 1915
1915 1916
1916 1918
1917 1919
1918 1920
1919 1921
1920 1922
1921 1922
1922 1923
1923 1925
1924 1926
1925 1927
1926 1928
1927 1928
1928 1929
1929 1930
1930 1932
1931 1933
1932 1934
1933 1935
1934 1935
1935 1936
1936 1937
1937 1939
1938 1940
1940 1941
1941 1942
1942 1942
1943 1943
1944 1944
1945 1946
1946 1947
1947 1948
1948 1948
1949 1949
1950 1950
1951 1951
1952 1953
1953 1954
1954 1955
1955 1955
1956 1956
1957 1957
1958 1958
1959 1960
1960 1961
1961 1962
1962 1962
1963 1963
1964 1964
1965 1965
1966 1967
1967 1968
1968 1968
1969 1969
1970 1970
1971 1971
1972 1972
1973 1974
1974 1975
1975 1975
1976 1976
1977 1977
1978 1978
1979 1979
1980 1980
1981 1982
1983 1982
1984 1983
1985 1984
1986 1985
1987 1986
1988 1987
1989 1989
1990 1989
1991 1990
1992 1991
1993 1992
1994 1993
1995 1994
1996 1996
1997 1996
1998 1997
1999 1998
2000 1999
2001 2000
2002 2001
2003 2002
2004 2003
2005 2004
2006 2005
2007 2006
2008 2007
2009 2008
2010 2009
2011 2010
2012 2011
2013 2012
2014 2013
2015 2014
2016 2015
2017 2016
2018 2017
2019 2018
2020 2019
2021 2020
2022 2021
2023 2022
2024 2023
2026 2024
2027 2025
2028 2026
2029 2027
2030 2028
2031 2029
2032 2030
2033 2030
2034 2032
2035 2033
2036 2034
2037 2035
2038 2036
2039 2037
2040 2037
2041 2039
2042 2040
2043 2041
2044 2042
2045 2043
2046 2044
2047 2044
2048 2045
2049 2047
2050 2048
2051 2049
2052 2050
2053 2051
2054 2051
2055 2052
2056 2054
2057 2055
2058 2056
2059 2057
2060 2058
2061 2058
2062 2059
2063 2060
2064 2062
2065 2063
2066 2064
2067 2065
2068 2065
2070 2066
2071 2067
2072 2069
2073 2070
2074 2071
2075 2072
2076 2073
2077 2073
2078 2074
2079 2075
2080 2077
2081 2078
2082 2079
2083 2080
2084 2080
2085 2081
2086 2082
2087 2083
2088 2085
2089 2086
2090 2087
2091 2087
2092 2088
2093 2089
2094 2090
2095 2092
2096 2093
2097 2094
2098 2095
2099 2095
2100 2096
2101 2097
2102 2098
2103 2100
2104 2101
2105 2102
2106 2102
2107 2103
2108 2104
2109 2105
2110 2106
2111 2108
2113 2109
2114 2110
2115 2110
2116 2111
2117 2112
2118 2113
2119 2115
2120 2116
2121 2117
2122 2118
2123 2118
2124 2119
2125 2120
2126 2121
2127 2123
2128 2124
2129 2125
2130 2125
2131 2126
2132 2127
2133 2128
2134 2129
2135 2131
2136 2132
2137 2133
2138 2133
2139 2134
2140 2135
2141 2136
2142 2137
2143 2139
2144 2140
2145 2141
2146 2141
2147 2142
2148 2143
2149 2144
2150 2145
2151 2147
2152 2148
2153 2149
2154 2149
2156 2150
2157 2151
2158 2152
2159 2153
2160 2155
2161 2156
2162 2157
2163 2157
2164 2158
2165 2159
2166 2160
2167 2161
2168 2163
2169 2164
2170 2165
2171 2166
2172 2166
2173 2167
2174 2168
2175 2169
2176 2171
2177 2172
2178 2173
2179 2174
2180 2174
2181 2175
2182 2176
2183 2177
2184 2179
2185 2180
2186 2181
2187 2182
2188 2183
2189 2183
2190 2184
2191 2185
2192 2187
2193 2188
2194 2189
2195 2190
2196 2191
2197 2192
2199 2192
2200 2193
2201 2194
2202 2196
2203 2197
2204 2198
2205 2199
2206 2200
2207 2201
2208 2201
2209 2202
2210 2204
2211 2205
2212 2206
2213 2207
2214 2208
2215 2209
2216 2210
2217 2210
2218 2212
2219 2213
2220 2214
2221 2215
2222 2216
2223 2217
2224 2218
2225 2219
2226 2220
2227 2221
2228 2222
2229 2223
2230 2224
2231 2225
2232 2226
2233 2227
2234 2228
2235 2229
2236 2230
2237 2231
2238 2232
2239 2233
2240 2234
2242 2235
2243 2236
2244 2238
2245 2238
2246 2239
2247 2240
2248 2241
2249 2242
2250 2243
2251 2244
2252 2245
2253 2247
2254 2248
2255 2248
2256 2249
2257 2250
2258 2251
2259 2252
2260 2253
2261 2255
2262 2256
2263 2257
2264 2258
2265 2259
2266 2259
2267 2260
2268 2261
2269 2262
2270 2264
2271 2265
2272 2266
2273 2267
2274 2268
2275 2269
2276 2269
2277 2270
2278 2272
2279 2273
2280 2274
2281 2275
2282 2276
2283 2277
2285 2278
2286 2279
2287 2280
2288 2281
2289 2282
2290 2283
2291 2284
2292 2285
2293 2286
2294 2287
2295 2288
2296 2289
2297 2291
2298 2292
2299 2292
2300 2293
2301 2294
2302 2295
2303 2296
2304 2297
2305 2298
2306 2300
2307 2301
2308 2302
2309 2303
2310 2304
2311 2304
2312 2305
2313 2306
2314 2307
2315 2309
2316 2310
2317 2311
2318 2312
2319 2313
2320 2314
2321 2315
2322 2316
2323 2317
2324 2318
2325 2319
2326 2320
2328 2321
2329 2322
2330 2323
2331 2324
2332 2325
2333 2327
2334 2328
2335 2329
2336 2329
2337 2330
2338 2331
2339 2332
2340 2333
2341 2334
2342 2336
2343 2337
2344 2338
2345 2339
2346 2340
2347 2341
2348 2342
2349 2342
2350 2343
2351 2344
2352 2346
2353 2347
2354 2348
2355 2349
2356 2350
2357 2351
2358 2352
2359 2353
2360 2354
2361 2356
2362 2356
2363 2357
2364 2358
2365 2359
2366 2360
2367 2361
2368 2362
2369 2363
2371 2365
2372 2366
2373 2367
2374 2368
2375 2369
2376 2370
2377 2371
2378 2372
2379 2372
2380 2374
2381 2375
2382 2376
2383 2377
2384 2378
2385 2379
2386 2380
2387 2381
2388 2382
2389 2383
2390 2385
2391 2386
2392 2387
2393 2388
2394 2388
2395 2389
2396 2390
2397 2391
2398 2392
2399 2394
2400 2395
2401 2396
2402 2397
2403 2398
2404 2399
2405 2400
2406 2401
2407 2402
2408 2403
2409 2405
2410 2405
2411 2406
2412 2407
2414 2408
2415 2409
2416 2410
2417 2411
2418 2412
2419 2414
2420 2415
2421 2416
2422 2417
2423 2418
2424 2419
2425 2420
2426 2421
2427 2422
2428 2423
2429 2424
2430 2425
2431 2426
2432 2427
2433 2428
2434 2429
2435 2430
2436 2431
2437 2432
2438 2434
2439 2435
2440 2436
2441 2437
2442 2438
2443 2439
2444 2440
2445 2441
2446 2442
2447 2443
2448 2445
2449 2445
2450 2446
2451 2447
2452 2448
2453 2449
2454 2450
2455 2451
2457 2452
2458 2453
2459 2455
2460 2456
2461 2457
2462 2458
2463 2459
2464 2460
2465 2461
2466 2462
2467 2463
2468 2464
2469 2466
2470 2467
2471 2468
2472 2468
2473 2469
2474 2470
2475 2471
2476 2472
2477 2473
2478 2474
2479 2476
2480 2477
2481 2478
2482 2479
2483 2480
2484 2481
2485 2482
2486 2483
2487 2484
2488 2485
2489 2487
2490 2488
2491 2489
2492 2490
2493 2491
2494 2492
2495 2493
2496 2494
2497 2495
2498 2495
2499 2496
2501 2498
2502 2499
2503 2500
2504 2501
2505 2502
2506 2503
2507 2504
2508 2505
2509 2506
2510 2507
2511 2509
2512 2510
2513 2511
2514 2512
2515 2513
2516 2514
2517 2515
2518 2516
2519 2517
2520 2518
2521 2520
2522 2521
2523 2522
2524 2523
2525 2524
2526 2525
2527 2526
2528 2526
2529 2527
2530 2528
2531 2529
2532 2531
2533 2532
2534 2533
2535 2534
2536 2535
2537 2536
2538 2537
2539 2538
2540 2539
2541 2540
2542 2541
2544 2543
2545 2544
2546 2545
2547 2546
2548 2547
2549 2548
2550 2549
2551 2550
2552 2551
2553 2552
2554 2554
2555 2555
2556 2556
2557 2557
2558 2558
2559 2559
2560 2560
2561 2561
2562 2562
2563 2563
2564 2564
2565 2566
2566 2567
2567 2567
2568 2568
2569 2569
2570 2570
2571 2571
2572 2572
2573 2573
2574 2574
2575 2575
2576 2577
2577 2578
2578 2579
2579 2580
2580 2581
2581 2582
2582 2583
2583 2584
2584 2585
2585 2586
2587 2587
2588 2589
2589 2590
2590 2591
2591 2592
2592 2593
2593 2594
2594 2595
2595 2596
2596 2597
2597 2598
2598 2599
2599 2600
2600 2602
2601 2603
2602 2604
2603 2605
2604 2606
2605 2607
2606 2608
2607 2609
2608 2610
2609 2611
2610 2612
2611 2614
2612 2615
2613 2616
2614 2617
2615 2618
2616 2619
2617 2620
2618 2621
2619 2622
2620 2622
2621 2623
2622 2625
2623 2626
2624 2627
2625 2628
2626 2629
2627 2630
2628 2631
2630 2632
2631 2633
2632 2634
2633 2635
2634 2636
2635 2638
2636 2639
2637 2640
2638 2641
2639 2642
2640 2643
2641 2644
2642 2645
2643 2646
2644 2647
2645 2648
2646 2649
2647 2651
2648 2652
2649 2653
2650 2654
2651 2655
2652 2656
2653 2657
2654 2658
2655 2659
2656 2660
2657 2661
2658 2662
2659 2664
2660 2665
2661 2666
2662 2667
2663 2668
2664 2669
2665 2670
2666 2671
2667 2672
2668 2673
2669 2674
2670 2675
2671 2677
2673 2678
2674 2679
2675 2680
2676 2681
2677 2682
2678 2683
2679 2684
2680 2685
2681 2686
2682 2687
2683 2688
2684 2690
2685 2691
2686 2692
2687 2693
2688 2694
2689 2695
2690 2696
2691 2697
2692 2698
2693 2699
2694 2700
2695 2701
2696 2702
2697 2703
2698 2704
2699 2705
2700 2706
2701 2707
2702 2708
2703 2709
2704 2710
2705 2711
2706 2712
2707 2713
2708 2714
2709 2716
2710 2717
2711 2718
2712 2719
2713 2720
2714 2721
2716 2722
2717 2723
2718 2724
2719 2725
2720 2726
2721 2727
2722 2728
2723 2730
2724 2731
2725 2732
2726 2733
2727 2734
2728 2735
2729 2736
2730 2737
2731 2738
2732 2739
2733 2740
2734 2741
2735 2742
2736 2744
2737 2745
2738 2746
2739 2747
2740 2748
2741 2749
2742 2750
2743 2751
2744 2752
2745 2753
2746 2754
2747 2755
2748 2756
2749 2758
2750 2759
2751 2760
2752 2761
2753 2762
2754 2763
2755 2764
2756 2765
2757 2766
2759 2767
2760 2768
2761 2769
2762 2770
2763 2772
2764 2773
2765 2774
2766 2775
2767 2776
2768 2777
2769 2778
2770 2779
2771 2780
2772 2781
2773 2782
2774 2783
2775 2783
2776 2784
2777 2786
2778 2787
2779 2788
2780 2789
2781 2790
2782 2791
2783 2792
2784 2793
2785 2794
2786 2795
2787 2796
2788 2797
2789 2798
2790 2800
2791 2801
2792 2802
2793 2803
2794 2804
2795 2805
2796 2806
2797 2807
2798 2808
2799 2809
2800 2810
2802 2811
2803 2812
2804 2813
2805 2815
2806 2816
2807 2817
2808 2818
2809 2819
2810 2820
2811 2821
2812 2822
2813 2823
2814 2824
2815 2825
2816 2826
2817 2827
2818 2828
2819 2829
2820 2831
2821 2832
2822 2833
2823 2834
2824 2835
2825 2836
2826 2837
2827 2837
2828 2838
2829 2839
2830 2840
2831 2841
2832 2842
2833 2843
2834 2845
2835 2846
2836 2847
2837 2848
2838 2849
2839 2850
2840 2851
2841 2852
2842 2853
2843 2854
2845 2855
2846 2856
2847 2857
2848 2858
2849 2859
2850 2861
2851 2862
2852 2863
2853 2864
2854 2865
2855 2866
2856 2867
2857 2868
2858 2869
2859 2870
2860 2871
2861 2872
2862 2873
2863 2874
2864 2875
2865 2876
2866 2877
2867 2878
2868 2879
2869 2880
2870 2881
2871 2882
2872 2883
2873 2884
2874 2885
2875 2886
2876 2887
2877 2888
2878 2889
2879 2890
2880 2891
2881 2893
2882 2894
2883 2895
2884 2896
2885 2897
2886 2898
2887 2899
2889 2900
2890 2901
2891 2902
2892 2903
2893 2904
2894 2905
2895 2906
2896 2906
2897 2907
2898 2909
2899 2910
2900 2911
2901 2912
2902 2913
2903 2914
2904 2915
2905 2916
2906 2917
2907 2918
2908 2919
2909 2920
2910 2921
2911 2922
2912 2923
2913 2924
2914 2926
2915 2927
2916 2928
2917 2929
2918 2930
2919 2930
2920 2931
2921 2932
2922 2933
2923 2934
2924 2935
2925 2936
2926 2937
2927 2938
2928 2939
2929 2940
2930 2941
2932 2943
2933 2944
2934 2945
2935 2946
2936 2947
2937 2948
2938 2949
2939 2950
2940 2951
2941 2951
2942 2952
2943 2953
2944 2954
2945 2955
2946 2956
2947 2957
2948 2958
2949 2960
2950 2961
2951 2962
2952 2963
2953 2964
2954 2965
2955 2966
2956 2967
2957 2968
2958 2969
2959 2970
2960 2970
2961 2971
2962 2972
2963 2973
2964 2974
2965 2975
2966 2977
2967 2978
2968 2979
2969 2980
2970 2981
2971 2982
2972 2983
2973 2984
2975 2985
2976 2986
2977 2987
2978 2987
2979 2988
2980 2989
2981 2990
2982 2991
2983 2992
2984 2993
2985 2995
2986 2996
2987 2997
2988 2998
2989 2999
2990 3000
2991 3001
2992 3002
2993 3002
2994 3003
2995 3004
2996 3005
2997 3006
2998 3007
2999 3008
3000 3009
3001 3010
3002 3011
3003 3012
3004 3014
3005 3015
3006 3016
3007 3017
3008 3017
3009 3018
3010 3019
3011 3020
3012 3021
3013 3022
3014 3023
3015 3024
3016 3025
3018 3026
3019 3027
3020 3028
3021 3029
3022 3030
3023 3030
3024 3032
3025 3033
3026 3034
3027 3035
3028 3036
3029 3037
3030 3038
3031 3039
3032 3040
3033 3041
3034 3042
3035 3042
3036 3043
3037 3044
3038 3045
3039 3046
3040 3047
3041 3048
3042 3049
3043 3050
3044 3052
3045 3053
3046 3054
3047 3054
3048 3055
3049 3056
3050 3057
3051 3058
3052 3059
3053 3060
3054 3061
3055 3062
3056 3063
3057 3064
3058 3065
3059 3066
3061 3066
3062 3067
3063 3068
3064 3069
3065 3070
3066 3072
3067 3073
3068 3074
3069 3075
3070 3076
3071 3076
3072 3077
3073 3078
3074 3079
3075 3080
3076 3081
3077 3082
3078 3083
3079 3084
3080 3085
3081 3086
3082 3087
3083 3087
3084 3088
3085 3089
3086 3090
3087 3091
3088 3093
3089 3094
3090 3095
3091 3096
3092 3097
3093 3097
3094 3098
3095 3099
3096 3100
3097 3101
3098 3102
3099 3103
3100 3104
3101 3105
3102 3106
3104 3107
3105 3107
3106 3108
3107 3109
3108 3110
3109 3111
3110 3112
3111 3114
3112 3115
3113 3116
3114 3116
3115 3117
3116 3118
3117 3119
3118 3120
3119 3121
3120 3122
3121 3123
3122 3124
3123 3125
3124 3126
3125 3126
3126 3127
3127 3128
3128 3129
3129 3130
3130 3131
3131 3132
3132 3133
3133 3134
3134 3135
3135 3136
3136 3137
3137 3138
3138 3139
3139 3140
3140 3141
3141 3142
3142 3143
3143 3144
3144 3144
3145 3145
3147 3146
3148 3147
3149 3148
3150 3149
3151 3150
3152 3151
3153 3152
3154 3153
3155 3153
3156 3154
3157 3155
3158 3156
3159 3157
3160 3158
3161 3159
3162 3161
3163 3162
3164 3162
3165 3163
3166 3164
3167 3165
3168 3166
3169 3167
3170 3168
3171 3169
3172 3170
3173 3170
3174 3171
3175 3172
3176 3173
3177 3174
3178 3175
3179 3176
3180 3177
3181 3178
3182 3179
3183 3179
3184 3180
3185 3181
3186 3182
3187 3183
3188 3185
3190 3186
3191 3187
3192 3188
3193 3188
3194 3189
3195 3190
3196 3191
3197 3192
3198 3193
3199 3194
3200 3195
3201 3196
3202 3196
3203 3197
3204 3198
3205 3199
3206 3200
3207 3201
3208 3202
3209 3203
3210 3204
3211 3205
3212 3205
3213 3206
3214 3207
3215 3208
3216 3209
3217 3210
3218 3212
3219 3213
3220 3214
3221 3214
3222 3215
3223 3216
3224 3217
3225 3218
3226 3219
3227 3220
3228 3221
3229 3222
3230 3223
3231 3223
3233 3224
3234 3225
3235 3226
3236 3227
3237 3228
3238 3229
3239 3230
3240 3231
3241 3232
3242 3232
3243 3233
3244 3234
3245 3235
3246 3236
3247 3237
3248 3238
3249 3239
3250 3240
3251 3242
3252 3242
3253 3243
3254 3244
3255 3245
3256 3246
3257 3247
3258 3248
3259 3249
3260 3250
3261 3251
3262 3252
3263 3252
3264 3253
3265 3254
3266 3255
3267 3256
3268 3257
3269 3258
3270 3259
3271 3260
3272 3261
3273 3262
3274 3262
3276 3263
3277 3264
3278 3265
3279 3266
3280 3267
3281 3268
3282 3269
3283 3270
3284 3271
3285 3272
3286 3273
3287 3274
3288 3275
3289 3276
3290 3277
3291 3278
3292 3279
3293 3280
3294 3281
3295 3282
3296 3283
3297 3284
3298 3285
3299 3286
3300 3286
3301 3287
3302 3288
3303 3289
3304 3290
3305 3291
3306 3292
3307 3293
3308 3294
3309 3295
3310 3296
3311 3297
3312 3298
3313 3299
3314 3300
3315 3300
3316 3301
3317 3302
3318 3303
3320 3304
3321 3305
3322 3306
3323 3307
3324 3308
3325 3309
3326 3310
3327 3312
3328 3313
3329 3314
3330 3315
3331 3316
3332 3317
3333 3318
3334 3319
3335 3319
3336 3320
3337 3321
3338 3322
3339 3323
3340 3324
3341 3325
3342 3326
3343 3327
3344 3328
3345 3329
3346 3330
3347 3331
3348 3332
3349 3333
3350 3334
3351 3335
3352 3336
3353 3337
3354 3338
3355 3339
3356 3340
3357 3341
3358 3342
3359 3343
3360 3344
3361 3345
3363 3346
3364 3347
3365 3348
3366 3349
3367 3350
3368 3351
3369 3352
3370 3353
3371 3354
3372 3355
3373 3356
3374 3357
3375 3358
3376 3360
3377 3361
3378 3362
3379 3363
3380 3364
3381 3365
3382 3366
3383 3367
3384 3368
3385 3369
3386 3370
3387 3371
3388 3372
3389 3373
3390 3374
3391 3375
3392 3376
3393 3377
3394 3378
3395 3379
3396 3380
3397 3381
3398 3382
3399 3383
3400 3384
3401 3385
3402 3386
3403 3387
3404 3388
3406 3389
3407 3391
3408 3392
3409 3393
3410 3394
3411 3395
3412 3396
3413 3397
3414 3398
3415 3399
3416 3400
3417 3401
3418 3402
3419 3403
3420 3404
3421 3405
3422 3407
3423 3408
3424 3409
3425 3410
3426 3411
3427 3412
3428 3413
3429 3414
3430 3415
3431 3416
3432 3417
3433 3419
3434 3420
3435 3421
3436 3422
3437 3423
3438 3424
3439 3426
3440 3427
3441 3429
3442 3430
3443 3431
3444 3432
3445 3433
3446 3434
3447 3435
3449 3436
3450 3438
3451 3439
3452 3440
3453 3441
3454 3442
3455 3443
3456 3445
3457 3446
3458 3447
3459 3448
3460 3449
3461 3450
3462 3451
3463 3453
3464 3454
3465 3455
3466 3456
3467 3457
3468 3459
3469 3460
3470 3461
3471 3462
3472 3463
3473 3465
3474 3466
3475 3467
3476 3468
3477 3469
3478 3471
3479 3472
3480 3473
3481 3474
3482 3475
3483 3477
3484 3478
3485 3479
3486 3480
3487 3482
3488 3483
3489 3484
3490 3485
3492 3487
3493 3488
3494 3489
3495 3490
3496 3492
3497 3493
3498 3494
3499 3496
3500 3497
3501 3498
3502 3499
3503 3501
3504 3502
3505 3503
3506 3505
3507 3506
3508 3507
3509 3508
3510 3510
3511 3511
3512 3512
3513 3514
3514 3515
3515 3516
3516 3518
3517 3519
3518 3520
3519 3522
3520 3523
3521 3524
3522 3526
3523 3527
3524 3529
3525 3530
3526 3531
3527 3533
3528 3534
3529 3535
3530 3537
3531 3538
3532 3540
3533 3541
3535 3542
3536 3544
3537 3545
3538 3547
3539 3548
3540 3549
3541 3551
3542 3552
3543 3554
3544 3555
3545 3557
3546 3558
3547 3560
3548 3561
3549 3562
3550 3564
3551 3565
3552 3567
3553 3568
3554 3570
3555 3571
3556 3573
3557 3574
3558 3576
3559 3577
3560 3579
3561 3580
3562 3582
3563 3583
3564 3585
3565 3586
3566 3588
3567 3589
3568 3591
3569 3593
3570 3594
3571 3596
3572 3597
3573 3599
3574 3600
3575 3602
3576 3604
3578 3605
3579 3607
3580 3608
3581 3610
3582 3612
3583 3613
3584 3615
3585 3616
3586 3618
3587 3620
3588 3621
3589 3623
3590 3625
3591 3626
3592 3628
3593 3630
3594 3631
3595 3633
3596 3635
3597 3636
3598 3638
3599 3640
3600 3642
3601 3643
3602 3645
3603 3647
3604 3648
3605 3650
3606 3652
3607 3654
3608 3655
3609 3657
3610 3659
3611 3661
3612 3662
3613 3664
3614 3666
3615 3668
3616 3670
3617 3671
3618 3673
3619 3675
3621 3677
3622 3679
3623 3681
3624 3682
3625 3684
3626 3686
3627 3688
3628 3690
3629 3692
3630 3694
3631 3696
3632 3697
3633 3699
3634 3701
3635 3703
3636 3705
3637 3707
3638 3709
3639 3711
3640 3713
3641 3715
3642 3717
3643 3719
3644 3721
3645 3723
3646 3725
3647 3727
3648 3729
3649 3731
3650 3733
3651 3735
3652 3737
3653 3739
3654 3741
3655 3743
3656 3745
3657 3747
3658 3749
3659 3751
3660 3753
3661 3756
3662 3758
3664 3760
3665 3762
3666 3764
3667 3766
3668 3768
3669 3770
3670 3773
3671 3775
3672 3777
3673 3779
3674 3781
3675 3784
3676 3786
3677 3788
3678 3790
3679 3792
3680 3795
3681 3797
3682 3799
3683 3802
3684 3804
3685 3806
3686 3808
3687 3811
3688 3813
3689 3815
3690 3818
3691 3820
3692 3822
3693 3825
3694 3827
3695 3829
3696 3832
3697 3834
3698 3837
3699 3837
3700 3837
3701 3837
3702 3837
3703 3837
3704 3837
3705 3837
3706 3837
3708 3837
3709 3837
3710 3837
3711 3837
3712 3837
3713 3837
3714 3837
3715 3837
3716 3837
3717 3837
3718 3837
3719 3837
3720 3837
3721 3837
3722 3837
3723 3837
3724 3837
3725 3837
3726 3837
3727 3837
3728 3837
3729 3837
3730 3837
3731 3837
3732 3837
3733 3837
3734 3837
3735 3837
3736 3837
3737 3837
3738 3837
3739 3837
3740 3837
3741 3837
3742 3837
3743 3837
3744 3837
3745 3837
3746 3837
3747 3837
3748 3837
3749 3837
3751 3837
3752 3837
3753 3837
3754 3837
3755 3837
3756 3837
3757 3837
3758 3837
3759 3837
3760 3837
3761 3837
3762 3837
3763 3837
3764 3837
3765 3837
3766 3837
3767 3837
3768 3837
3769 3837
3770 3837
3771 3837
3772 3837
3773 3837
3774 3837
3775 3837
3776 3837
3777 3837
3778 3837
3779 3837
3780 3837
3781 3837
3782 3837
3783 3837
3784 3837
3785 3837
3786 3837
3787 3837
3788 3837
3789 3837
3790 3837
3791 3837
3792 3837
3794 3837
3795 3837
3796 3837
3797 3837
3798 3837
3799 3837
3800 3837
3801 3837
3802 3837
3803 3837
3804 3837
3805 3837
3806 3837
3807 3837
3808 3837
3809 3837
3810 3837
3811 3837
3812 3837
3813 3837
3814 3837
3815 3837
3816 3837
3817 3837
3818 3837
3819 3837
3820 3837
3821 3837
3822 3837
3823 3837
3824 3837
3825 3837
3826 3837
3827 3837
3828 3837
3829 3837
3830 3837
3831 3837
3832 3837
3833 3837
3834 3837
3835 3837
3837 3837
3838 3837
3839 3837
3840 3837
3841 3837
3842 3837
3843 3837
3844 3837
3845 3837
3846 3837
3847 3837
3848 3837
3849 3837
3850 3837
3851 3837
3852 3837
3853 3837
3854 3837
3855 3837
3856 3837
3857 3837
3858 3837
3859 3837
3860 3837
3861 3837
3862 3837
3863 3837
3864 3837
3865 3837
3866 3837
3867 3837
3868 3837
3869 3837
3870 3837
3871 3837
3872 3837
3873 3837
3874 3837
3875 3837
3876 3837
3877 3837
3878 3837
3880 3837
3881 3837
3882 3837
3883 3837
3884 3837
3885 3837
3886 3837
3887 3837
3888 3837
3889 3837
3890 3837
3891 3837
3892 3837
3893 3837
3894 3837
3895 3837
3896 3837
3897 3837
3898 3837
3899 3837
3900 3837
3901 3837
3902 3837
3903 3837
3904 3837
3905 3837
3906 3837
3907 3837
3908 3837
3909 3837
3910 3837
3911 3837
3912 3837
3913 3837
3914 3837
3915 3837
3916 3837
3917 3837
3918 3837
3919 3837
3920 3837
3921 3837
3923 3837
3924 3837
3925 3837
3926 3837
3927 3837
3928 3837
3929 3837
3930 3837
3931 3837
3932 3837
3933 3837
3934 3837
3935 3837
3936 3837
3937 3837
3938 3837
3939 3837
3940 3837
3941 3837
3942 3837
3943 3837
3944 3837
3945 3837
3946 3837
3947 3837
3948 3837
3949 3837
3950 3837
3951 3837
3952 3837
3953 3837
3954 3837
3955 3837
3956 3837
3957 3837
3958 3837
3959 3837
3960 3837
3961 3837
3962 3837
3963 3837
3964 3837
3966 3837
3967 3837
3968 3837
3969 3837
3970 3837
3971 3837
3972 3837
3973 3837
3974 3837
3975 3837
3976 3837
3977 3837
3978 3837
3979 3837
3980 3837
3981 3837
3982 3837
3983 3837
3984 3837
3985 3837
3986 3837
3987 3837
3988 3837
3989 3837
3990 3837
3991 3837
3992 3837
3993 3837
3994 3837
3995 3837
3996 3837
3997 3837
3998 3837
3999 3837
4000 3837
4001 3837
4002 3837
4003 3837
4004 3837
4005 3837
4006 3837
4007 3837
4009 3837
4010 3837
4011 3837
4012 3837
