99 18
100 18
101 18
103 19
104 19
105 18
106 18
107 18
109 19
110 19
111 19
112 19
114 20
115 20
116 20
117 20
118 20
120 21
121 21
122 21
123 21
124 21
126 22
127 22
128 22
129 22
131 23
132 23
133 23
134 23
135 23
137 24
138 24
139 24
140 24
142 25
143 25
144 25
145 25
146 25
148 26
149 26
150 26
151 26
152 26
154 27
155 27
156 26
157 26
159 27
160 27
161 27
162 27
163 27
165 28
166 28
167 28
168 28
170 29
171 29
172 29
173 29
174 29
176 30
177 30
178 30
179 30
181 31
182 31
183 31
184 31
185 31
187 32
188 32
189 32
190 32
191 32
193 33
194 33
195 33
196 33
198 34
199 34
200 34
201 34
202 34
204 35
205 35
206 35
207 34
209 35
210 35
211 35
212 35
213 35
215 36
216 36
217 36
218 36
219 36
221 37
222 37
223 37
224 37
226 38
227 38
228 38
229 38
230 38
232 39
233 39
234 39
235 39
236 39
238 40
239 40
240 40
241 40
243 41
244 41
245 41
246 41
247 41
249 42
250 42
251 42
252 42
254 43
255 43
256 43
257 43
258 42
260 43
261 43
262 43
263 43
264 43
266 44
267 44
268 44
269 44
271 45
272 45
273 45
274 45
275 45
277 46
278 46
279 46
280 46
282 47
283 47
284 47
285 47
286 47
288 48
289 48
290 48
291 48
292 48
294 49
295 49
296 49
297 49
299 50
300 50
301 50
302 50
303 50
305 51
306 51
307 51
308 51
310 51
311 51
312 51
313 51
314 51
316 52
317 52
318 52
319 52
320 52
322 53
323 53
324 53
325 53
327 54
328 54
329 54
330 54
331 54
333 55
334 55
335 55
336 55
337 55
339 56
340 56
341 56
342 56
344 57
345 57
346 57
347 57
348 57
350 58
351 58
352 58
353 58
355 59
356 59
357 59
358 59
359 59
361 59
362 59
363 59
364 59
365 59
367 60
368 60
369 60
370 60
372 61
373 61
374 61
375 61
376 61
378 62
379 62
380 62
381 62
382 62
384 63
385 63
386 63
387 63
389 64
390 64
391 64
392 64
393 64
395 65
396 65
397 65
398 65
399 65
401 66
402 66
403 66
404 66
406 67
407 67
408 67
409 67
410 67
412 67
413 67
414 67
415 67
417 68
418 68
419 68
420 68
421 68
423 69
424 69
425 69
426 69
427 69
429 70
430 70
431 70
432 70
434 71
435 71
436 71
437 71
438 71
440 72
441 72
442 72
443 72
444 72
446 73
447 73
448 73
449 73
451 74
452 74
453 74
454 74
455 74
457 75
458 75
459 75
460 75
461 75
463 75
464 75
465 75
466 75
468 76
469 76
470 76
471 76
472 76
474 77
475 77
476 77
477 77
478 77
480 78
481 78
482 78
483 78
485 79
486 79
487 79
488 79
489 79
491 80
492 80
493 80
494 80
495 80
497 81
498 81
499 81
500 81
502 82
503 82
504 82
505 82
506 82
508 83
509 83
510 83
511 83
512 83
514 84
515 83
516 83
517 83
519 84
520 84
521 84
522 84
523 84
525 85
526 85
527 85
528 85
529 85
531 86
532 86
533 86
534 86
536 87
537 87
538 87
539 87
540 87
542 88
543 88
544 88
545 88
546 88
548 89
549 89
550 89
551 89
553 90
554 90
555 90
556 90
557 90
559 91
560 91
561 91
562 91
563 91
565 92
566 91
567 91
568 91
570 92
571 92
572 92
573 92
574 92
576 93
577 93
578 93
579 93
580 93
582 94
583 94
584 94
585 94
586 94
588 95
589 95
590 95
591 95
593 96
594 96
595 96
596 96
597 96
599 97
600 97
601 97
602 97
603 97
605 98
606 98
607 98
608 98
610 99
611 99
612 99
613 99
614 99
616 100
617 99
618 99
619 99
620 99
622 100
623 100
624 100
625 100
626 100
628 101
629 101
630 101
631 101
633 102
634 102
635 102
636 102
637 102
639 103
640 103
641 103
642 103
643 103
645 104
646 104
647 104
648 104
650 105
651 105
652 105
653 105
654 105
656 106
657 106
658 106
659 106
660 106
662 107
663 107
664 107
665 107
666 107
668 107
669 107
670 107
671 107
673 108
674 108
675 108
676 108
677 108
679 109
680 109
681 109
682 109
683 109
685 110
686 110
687 110
688 110
689 110
691 111
692 111
693 111
694 111
696 112
697 112
698 112
699 112
700 112
702 113
703 113
704 113
705 113
706 113
708 114
709 114
710 114
711 114
712 114
714 115
715 115
716 115
717 115
719 115
720 115
721 115
722 115
723 115
725 116
726 116
727 116
728 116
729 116
731 117
732 117
733 117
734 117
735 117
737 118
738 118
739 118
740 118
742 119
743 119
744 119
745 119
746 119
748 120
749 120
750 120
751 120
752 120
754 121
755 121
756 121
757 121
758 121
760 122
761 122
762 122
763 122
764 122
766 123
767 123
768 123
769 122
771 123
772 123
773 123
774 123
775 123
777 124
778 124
779 124
780 124
781 124
783 125
784 125
785 125
786 125
787 125
789 126
790 126
791 126
792 126
794 127
795 127
796 127
797 127
798 127
800 128
801 128
802 128
803 128
804 128
806 129
807 129
808 129
809 129
810 129
812 130
813 130
814 130
815 130
816 130
818 131
819 131
820 130
821 130
823 131
824 131
825 131
826 131
827 131
829 132
830 132
831 132
832 132
833 132
835 133
836 133
837 133
838 133
839 133
841 134
842 134
843 134
844 134
845 134
847 135
848 135
849 135
850 135
851 135
853 136
854 136
855 136
856 136
858 137
859 137
860 137
861 137
862 137
864 138
865 138
866 138
867 138
868 138
870 139
871 138
872 138
873 138
874 138
876 139
877 139
878 139
879 139
880 139
882 140
883 140
884 140
885 140
886 140
888 141
889 141
890 141
891 141
892 141
894 142
895 142
896 142
897 142
899 143
900 143
901 143
902 143
903 143
905 144
906 144
907 144
908 144
909 144
911 145
912 145
913 145
914 145
915 145
917 146
918 146
919 146
920 146
921 145
923 146
924 146
925 146
926 146
927 146
929 147
930 147
931 147
932 147
933 147
935 148
936 148
937 148
938 148
939 148
941 149
942 149
943 149
944 149
946 150
947 150
948 150
949 150
950 150
952 151
953 151
954 151
955 151
956 151
958 152
959 152
960 152
961 152
962 152
964 153
965 153
966 153
967 153
968 153
970 154
971 154
972 154
973 153
974 153
976 154
977 154
978 154
979 154
980 154
982 155
983 155
984 155
985 155
986 155
988 156
989 156
990 156
991 156
992 156
994 157
995 157
996 157
997 157
998 157
1000 158
1001 158
1002 158
1003 158
1004 158
1006 159
1007 159
1008 159
1009 159
1010 159
1012 160
1013 160
1014 160
1015 160
1017 161
1018 161
1019 161
1020 161
1021 161
1023 162
1024 161
1025 161
1026 161
1027 161
1029 162
1030 162
1031 162
1032 162
1033 162
1035 163
1036 163
1037 163
1038 163
1039 163
1041 164
1042 164
1043 164
1044 164
1045 164
1047 165
1048 165
1049 165
1050 165
1051 165
1053 166
1054 166
1055 166
1056 166
1057 166
1059 167
1060 167
1061 167
1062 167
1063 167
1065 168
1066 168
1067 168
1068 168
1069 168
1071 169
1072 169
1073 169
1074 168
1075 168
1077 169
1078 169
1079 169
1080 169
1081 169
1083 170
1084 170
1085 170
1086 170
1087 170
1089 171
1090 171
1091 171
1092 171
1093 171
1095 172
1096 172
1097 172
1098 172
1099 172
1101 173
1102 173
1103 173
1104 173
1105 173
1107 174
1108 174
1109 174
1110 174
1111 174
1113 175
1114 175
1115 175
1116 175
1117 175
1119 176
1120 176
1121 176
1122 176
1123 176
1125 176
1126 176
1127 176
1128 176
1129 176
1131 177
1132 177
1133 177
1134 177
1135 177
1137 178
1138 178
1139 178
1140 178
1141 178
1143 179
1144 179
1145 179
1146 179
1147 179
1149 180
1150 180
1151 180
1152 180
1153 180
1155 181
1156 181
1157 181
1158 181
1159 181
1160 181
1162 182
1163 182
1164 182
1165 182
1166 182
1168 183
1169 183
1170 183
1171 183
1172 183
1174 184
1175 183
1176 183
1177 183
1178 183
1180 184
1181 184
1182 184
1183 184
1184 184
1186 185
1187 185
1188 185
1189 185
1190 185
1192 186
1193 186
1194 186
1195 186
1196 186
1198 187
1199 187
1200 187
1201 187
1202 187
1204 188
1205 188
1206 188
1207 188
1208 188
1210 189
1211 189
1212 189
1213 189
1214 189
1216 190
1217 190
1218 190
1219 190
1220 190
1222 191
1223 191
1224 191
1225 190
1226 190
1227 190
1229 191
1230 191
1231 191
1232 191
1233 191
1235 192
1236 192
1237 192
1238 192
1239 192
1241 193
1242 193
1243 193
1244 193
1245 193
1247 194
1248 194
1249 194
1250 194
1251 194
1253 195
1254 195
1255 195
1256 195
1257 195
1259 196
1260 196
1261 196
1262 196
1263 196
1265 197
1266 197
1267 197
1268 197
1269 197
1270 197
1272 198
1273 198
1274 198
1275 197
1276 197
1278 198
1279 198
1280 198
1281 198
1282 198
1284 199
1285 199
1286 199
1287 199
1288 199
1290 200
1291 200
1292 200
1293 200
1294 200
1296 201
1297 201
1298 201
1299 201
1300 201
1301 201
1303 202
1304 202
1305 202
1306 202
1307 202
1309 203
1310 203
1311 203
1312 203
1313 203
1315 204
1316 204
1317 204
1318 204
1319 204
1321 205
1322 205
1323 205
1324 205
1325 204
1327 205
1328 205
1329 205
1330 205
1331 205
1332 205
1334 206
1335 206
1336 206
1337 206
1338 206
1340 207
1341 207
1342 207
1343 207
1344 207
1346 208
1347 208
1348 208
1349 208
1350 208
1352 209
1353 209
1354 209
1355 209
1356 209
1357 209
1359 210
1360 210
1361 210
1362 210
1363 210
1365 211
1366 211
1367 211
1368 211
1369 211
1371 212
1372 212
1373 212
1374 212
1375 211
1376 211
1378 212
1379 212
1380 212
1381 212
1382 212
1384 213
1385 213
1386 213
1387 213
1388 213
1390 214
1391 214
1392 214
1393 214
1394 214
1396 215
1397 215
1398 215
1399 215
1400 215
1401 215
1403 216
1404 216
1405 216
1406 216
1407 216
1409 217
1410 217
1411 217
1412 217
1413 217
1415 218
1416 218
1417 218
1418 218
1419 218
1420 218
1422 219
1423 219
1424 219
1425 218
1426 218
1428 219
1429 219
1430 219
1431 219
1432 219
1434 220
1435 220
1436 220
1437 220
1438 220
1439 220
1441 221
1442 221
1443 221
1444 221
1445 221
1447 222
1448 222
1449 222
1450 222
1451 222
1452 222
1454 223
1455 223
1456 223
1457 223
1458 223
1460 224
1461 224
1462 224
1463 224
1464 224
1466 225
1467 225
1468 225
1469 225
1470 225
1471 225
1473 226
1474 226
1475 226
1476 225
1477 225
1479 226
1480 226
1481 226
1482 226
1483 226
1484 226
1486 227
1487 227
1488 227
1489 227
1490 227
1492 228
1493 228
1494 228
1495 228
1496 228
1498 229
1499 229
1500 229
1501 229
1502 229
1503 229
1505 230
1506 230
1507 230
1508 230
1509 230
1511 231
1512 231
1513 231
1514 231
1515 231
1516 231
1518 232
1519 232
1520 232
1521 232
1522 232
1524 233
1525 233
1526 232
1527 232
1528 232
1529 232
1531 233
1532 233
1533 233
1534 233
1535 233
1537 234
1538 234
1539 234
1540 234
1541 234
1542 234
1544 235
1545 235
1546 235
1547 235
1548 235
1550 236
1551 236
1552 236
1553 236
1554 236
1555 236
1557 237
1558 237
1559 237
1560 237
1561 237
1563 238
1564 238
1565 238
1566 238
1567 238
1568 238
1570 239
1571 239
1572 239
1573 239
1574 239
1576 239
1577 239
1578 239
1579 239
1580 239
1581 239
1583 240
1584 240
1585 240
1586 240
1587 240
1589 241
1590 241
1591 241
1592 241
1593 241
1594 241
1596 242
1597 242
1598 242
1599 242
1600 242
1601 242
1603 243
1604 243
1605 243
1606 243
1607 243
1609 244
1610 244
1611 244
1612 244
1613 244
1614 244
1616 245
1617 245
1618 245
1619 245
1620 245
1622 246
1623 246
1624 246
1625 245
1626 245
1627 245
1629 246
1630 246
1631 246
1632 246
1633 246
1634 246
1636 247
1637 247
1638 247
1639 247
1640 247
1642 248
1643 248
1644 248
1645 248
1646 248
1647 248
1649 249
1650 249
1651 249
1652 249
1653 249
1654 249
1656 250
1657 250
1658 250
1659 250
1660 250
1662 251
1663 251
1664 251
1665 251
1666 251
1667 251
1669 252
1670 252
1671 252
1672 252
1673 252
1674 251
1676 252
1677 252
1678 252
1679 252
1680 252
1682 253
1683 253
1684 253
1685 253
1686 253
1687 253
1689 254
1690 254
1691 254
1692 254
1693 254
1694 254
1696 255
1697 255
1698 255
1699 255
1700 255
1702 256
1703 256
1704 256
1705 256
1706 256
1707 256
1709 257
1710 257
1711 257
1712 257
1713 257
1714 257
1716 258
1717 258
1718 258
1719 258
1720 258
1721 258
1723 259
1724 258
1725 258
1726 258
1727 258
1728 258
1730 259
1731 259
1732 259
1733 259
1734 259
1736 260
1737 260
1738 260
1739 260
1740 260
1741 260
1743 261
1744 261
1745 261
1746 261
1747 261
1748 261
1750 262
1751 262
1752 262
1753 262
1754 262
1755 262
1757 263
1758 263
1759 263
1760 263
1761 263
1762 263
1764 264
1765 264
1766 264
1767 264
1768 264
1770 265
1771 265
1772 265
1773 264
1774 264
1775 264
1777 265
1778 265
1779 265
1780 265
1781 265
1782 265
1784 266
1785 266
1786 266
1787 266
1788 266
1789 266
1791 267
1792 267
1793 267
1794 267
1795 267
1796 267
1798 268
1799 268
1800 268
1801 268
1802 268
1803 268
1805 269
1806 269
1807 269
1808 269
1809 269
1810 269
1812 270
1813 270
1814 270
1815 270
1816 270
1817 270
1819 271
1820 271
1821 271
1822 270
1823 270
1824 270
1826 271
1827 271
1828 271
1829 271
1830 271
1831 271
1833 272
1834 272
1835 272
1836 272
1837 272
1838 272
1840 273
1841 273
1842 273
1843 273
1844 273
1845 273
1847 274
1848 274
1849 274
1850 274
1851 274
1852 274
1854 275
1855 275
1856 275
1857 275
1858 275
1859 275
1861 276
1862 276
1863 276
1864 276
1865 276
1866 276
1868 277
1869 277
1870 277
1871 276
1872 276
1873 276
1875 277
1876 277
1877 277
1878 277
1879 277
1880 277
1882 278
1883 278
1884 278
1885 278
1886 278
1887 278
1889 279
1890 279
1891 279
1892 279
1893 279
1894 279
1896 280
1897 280
1898 280
1899 280
1900 280
1901 280
1903 281
1904 281
1905 281
1906 281
1907 281
1908 281
1910 282
1911 282
1912 282
1913 282
1914 282
1915 282
1916 282
1918 283
1919 283
1920 283
1921 282
1922 282
1923 282
1925 283
1926 283
1927 283
1928 283
1929 283
1930 283
1932 284
1933 284
1934 284
1935 284
1936 284
1937 284
1939 285
1940 285
1941 285
1942 285
1943 285
1944 285
1946 286
1947 286
1948 286
1949 286
1950 286
1951 286
1953 287
1954 287
1955 287
1956 287
1957 287
1958 287
1959 287
1961 288
1962 288
1963 288
1964 288
1965 288
1966 288
1968 289
1969 289
1970 288
1971 288
1972 288
1973 288
1975 289
1976 289
1977 289
1978 289
1979 289
1980 289
1981 289
1983 290
1984 290
1985 290
1986 290
1987 290
1988 290
1990 291
1991 291
1992 291
1993 291
1994 291
1995 291
1997 292
1998 292
1999 292
2000 292
2001 292
2002 292
2004 293
2005 293
2006 293
2007 293
2008 293
2009 293
2010 293
2012 294
2013 294
2014 294
2015 294
2016 294
2017 294
2019 294
2020 294
2021 294
2022 294
2023 294
2024 294
2025 294
2027 295
2028 295
2029 295
2030 295
2031 295
2032 295
2034 296
2035 296
2036 296
2037 296
2038 296
2039 296
2041 297
2042 297
2043 297
2044 297
2045 297
2046 297
2047 297
2049 298
2050 298
2051 298
2052 298
2053 298
2054 298
2056 299
2057 299
2058 299
2059 299
2060 299
2061 299
2062 299
2064 300
2065 300
2066 300
2067 299
2068 299
2069 299
2071 300
2072 300
2073 300
2074 300
2075 300
2076 300
2077 300
2079 301
2080 301
2081 301
2082 301
2083 301
2084 301
2086 302
2087 302
2088 302
2089 302
2090 302
2091 302
2092 302
2094 303
2095 303
2096 303
2097 303
2098 303
2099 303
2100 303
2102 304
2103 304
2104 304
2105 304
2106 304
2107 304
2109 305
2110 305
2111 305
2112 305
2113 305
2114 305
2115 304
2117 305
2118 305
2119 305
2120 305
2121 305
2122 305
2124 306
2125 306
2126 306
2127 306
2128 306
2129 306
2130 306
2132 307
2133 307
2134 307
2135 307
2136 307
2137 307
2138 307
2140 308
2141 308
2142 308
2143 308
2144 308
2145 308
2147 309
2148 309
2149 309
2150 309
2151 309
2152 309
2153 309
2155 310
2156 310
2157 310
2158 310
2159 310
2160 310
2161 310
2163 311
2164 310
2165 310
2166 310
2167 310
2168 310
2169 310
2171 311
2172 311
2173 311
2174 311
2175 311
2176 311
2178 312
2179 312
2180 312
2181 312
2182 312
2183 312
2184 312
2186 313
2187 313
2188 313
2189 313
2190 313
2191 313
2192 313
2194 314
2195 314
2196 314
2197 314
2198 314
2199 314
2200 314
2202 315
2203 315
2204 315
2205 315
2206 315
2207 315
2208 315
2210 316
2211 316
2212 315
2213 315
2214 315
2215 315
2216 315
2218 316
2219 316
2220 316
2221 316
2222 316
2223 316
2224 316
2226 317
2227 317
2228 317
2229 317
2230 317
2231 317
2232 317
2234 318
2235 318
2236 318
2237 318
2238 318
2239 318
2240 318
2242 319
2243 319
2244 319
2245 319
2246 319
2247 319
2248 319
2250 320
2251 320
2252 320
2253 320
2254 320
2255 320
2256 320
2258 321
2259 321
2260 320
2261 320
2262 320
2263 320
2264 320
2266 321
2267 321
2268 321
2269 321
2270 321
2271 321
2272 321
2274 322
2275 322
2276 322
2277 322
2278 322
2279 322
2280 322
2282 323
2283 323
2284 323
2285 323
2286 323
2287 323
2288 323
2290 324
2291 324
2292 324
2293 324
2294 324
2295 324
2296 324
2298 325
2299 325
2300 325
2301 325
2302 325
2303 325
2304 325
2305 325
2307 326
2308 325
2309 325
2310 325
2311 325
2312 325
2313 325
2315 326
2316 326
2317 326
2318 326
2319 326
2320 326
2321 326
2323 327
2324 327
2325 327
2326 327
2327 327
2328 327
2329 327
2331 328
2332 328
2333 328
2334 328
2335 328
2336 328
2337 328
2338 328
2340 329
2341 329
2342 329
2343 329
2344 329
2345 329
2346 329
2348 330
2349 330
2350 330
2351 330
2352 330
2353 330
2354 330
2356 330
2357 330
2358 330
2359 330
2360 330
2361 330
2362 330
2363 330
2365 331
2366 331
2367 331
2368 331
2369 331
2370 331
2371 331
2373 332
2374 332
2375 332
2376 332
2377 332
2378 332
2379 332
2380 332
2382 333
2383 333
2384 333
2385 333
2386 333
2387 333
2388 333
2390 334
2391 334
2392 334
2393 334
2394 334
2395 334
2396 334
2397 334
2399 335
2400 335
2401 335
2402 335
2403 335
2404 334
2405 334
2407 335
2408 335
2409 335
2410 335
2411 335
2412 335
2413 335
2414 335
2416 336
2417 336
2418 336
2419 336
2420 336
2421 336
2422 336
2423 336
2425 337
2426 337
2427 337
2428 337
2429 337
2430 337
2431 337
2433 338
2434 338
2435 338
2436 338
2437 338
2438 338
2439 338
2440 338
2442 339
2443 339
2444 339
2445 339
2446 339
2447 339
2448 339
2449 339
2451 340
2452 339
2453 339
2454 339
2455 339
2456 339
2457 339
2459 340
2460 340
2461 340
2462 340
2463 340
2464 340
2465 340
2466 340
2468 341
2469 341
2470 341
2471 341
2472 341
2473 341
2474 341
2475 341
2477 342
2478 342
2479 342
2480 342
2481 342
2482 342
2483 342
2484 342
2486 343
2487 343
2488 343
2489 343
2490 343
2491 343
2492 343
2493 343
2495 344
2496 344
2497 344
2498 344
2499 343
2500 343
2501 343
2502 343
2504 344
2505 344
2506 344
2507 344
2508 344
2509 344
2510 344
2511 344
2513 345
2514 345
2515 345
2516 345
2517 345
2518 345
2519 345
2520 345
2522 346
2523 346
2524 346
2525 346
2526 346
2527 346
2528 346
2529 346
2531 347
2532 347
2533 347
2534 347
2535 347
2536 347
2537 347
2538 347
2540 348
2541 348
2542 348
2543 348
2544 348
2545 348
2546 347
2547 347
2548 347
2550 348
2551 348
2552 348
2553 348
2554 348
2555 348
2556 348
2557 348
2559 349
2560 349
2561 349
2562 349
2563 349
2564 349
2565 349
2566 349
2568 350
2569 350
2570 350
2571 350
2572 350
2573 350
2574 350
2575 350
2577 351
2578 351
2579 351
2580 351
2581 351
2582 351
2583 351
2584 351
2585 351
2587 352
2588 352
2589 352
2590 352
2591 352
2592 352
2593 351
2594 351
2596 352
2597 352
2598 352
2599 352
2600 352
2601 352
2602 352
2603 352
2604 352
2606 353
2607 353
2608 353
2609 353
2610 353
2611 353
2612 353
2613 353
2615 354
2616 354
2617 354
2618 354
2619 354
2620 354
2621 354
2622 354
2623 354
2625 355
2626 355
2627 355
2628 355
2629 355
2630 355
2631 355
2632 355
2634 356
2635 356
2636 356
2637 356
2638 356
2639 356
2640 355
2641 355
2642 355
2644 356
2645 356
2646 356
2647 356
2648 356
2649 356
2650 356
2651 356
2652 356
2654 357
2655 357
2656 357
2657 357
2658 357
2659 357
2660 357
2661 357
2662 357
2664 358
2665 358
2666 358
2667 358
2668 358
2669 358
2670 358
2671 358
2672 358
2674 359
2675 359
2676 359
2677 359
2678 359
2679 359
2680 359
2681 359
2683 360
2684 360
2685 360
2686 360
2687 359
2688 359
2689 359
2690 359
2691 359
2693 360
2694 360
2695 360
2696 360
2697 360
2698 360
2699 360
2700 360
2701 360
2703 361
2704 361
2705 361
2706 361
2707 361
2708 361
2709 361
2710 361
2711 361
2712 361
2714 362
2715 362
2716 362
2717 362
2718 362
2719 362
2720 362
2721 362
2722 362
2724 363
2725 363
2726 363
2727 363
2728 363
2729 363
2730 363
2731 363
2732 363
2734 363
2735 363
2736 363
2737 363
2738 363
2739 363
2740 363
2741 363
2742 363
2744 364
2745 364
2746 364
2747 364
2748 364
2749 364
2750 364
2751 364
2752 364
2753 364
2755 365
2756 365
2757 365
2758 365
2759 365
2760 365
2761 365
2762 365
2763 365
2765 366
2766 366
2767 366
2768 366
2769 366
2770 366
2771 366
2772 366
2773 366
2774 366
2776 367
2777 367
2778 367
2779 367
2780 366
2781 366
2782 366
2783 366
2784 366
2786 367
2787 367
2788 367
2789 367
2790 367
2791 367
2792 367
2793 367
2794 367
2795 367
2797 368
2798 368
2799 368
2800 368
2801 368
2802 368
2803 368
2804 368
2805 368
2807 369
2808 369
2809 369
2810 369
2811 369
2812 369
2813 369
2814 369
2815 369
2816 369
2818 370
2819 370
2820 370
2821 370
2822 370
2823 370
2824 370
2825 370
2826 369
2827 369
2829 370
2830 370
2831 370
2832 370
2833 370
2834 370
2835 370
2836 370
2837 370
2838 370
2840 371
2841 371
2842 371
2843 371
2844 371
2845 371
2846 371
2847 371
2848 371
2849 371
2851 372
2852 372
2853 372
2854 372
2855 372
2856 372
2857 372
2858 372
2859 372
2860 372
2862 373
2863 373
2864 373
2865 373
2866 373
2867 373
2868 373
2869 373
2870 373
2871 373
2872 373
2874 373
2875 373
2876 373
2877 373
2878 373
2879 373
2880 373
2881 373
2882 373
2883 373
2885 374
2886 374
2887 374
2888 374
2889 374
2890 374
2891 374
2892 374
2893 374
2894 374
2896 375
2897 375
2898 375
2899 375
2900 375
2901 375
2902 375
2903 375
2904 375
2905 375
2906 375
2908 376
2909 376
2910 376
2911 376
2912 376
2913 376
2914 376
2915 376
2916 376
2917 376
2918 376
2920 376
2921 376
2922 376
2923 376
2924 376
2925 376
2926 376
2927 376
2928 376
2929 376
2931 377
2932 377
2933 377
2934 377
2935 377
2936 377
2937 377
2938 377
2939 377
2940 377
2941 377
2943 378
2944 378
2945 378
2946 378
2947 378
2948 378
2949 378
2950 378
2951 378
2952 378
2953 378
2955 379
2956 379
2957 379
2958 379
2959 379
2960 379
2961 379
2962 379
2963 379
2964 379
2965 378
2967 379
2968 379
2969 379
2970 379
2971 379
2972 379
2973 379
2974 379
2975 379
2976 379
2977 379
2978 379
2980 380
2981 380
2982 380
2983 380
2984 380
2985 380
2986 380
2987 380
2988 380
2989 380
2990 380
2992 381
2993 381
2994 381
2995 381
2996 381
2997 381
2998 381
2999 381
3000 381
3001 381
3002 381
3004 382
3005 382
3006 382
3007 382
3008 382
3009 382
3010 382
3011 381
3012 381
3013 381
3014 381
3015 381
3017 382
3018 382
3019 382
3020 382
3021 382
3022 382
3023 382
3024 382
3025 382
3026 382
3027 382
3028 382
3030 383
3031 383
3032 383
3033 383
3034 383
3035 383
3036 383
3037 383
3038 383
3039 383
3040 383
3041 383
3043 384
3044 384
3045 384
3046 384
3047 384
3048 384
3049 384
3050 384
3051 384
3052 384
3053 384
3054 384
3056 385
3057 384
3058 384
3059 384
3060 384
3061 384
3062 384
3063 384
3064 384
3065 384
3066 384
3067 384
3069 385
3070 385
3071 385
3072 385
3073 385
3074 385
3075 385
3076 385
3077 385
3078 385
3079 385
3080 385
3082 386
3083 386
3084 386
3085 386
3086 386
3087 386
3088 386
3089 386
3090 386
3091 386
3092 386
3093 386
3094 386
3096 387
3097 387
3098 387
3099 387
3100 387
3101 387
3102 386
3103 386
3104 386
3105 386
3106 386
3107 386
3108 386
3110 387
3111 387
3112 387
3113 387
3114 387
3115 387
3116 387
3117 387
3118 387
3119 387
3120 387
3121 387
3122 387
3124 388
3125 388
3126 388
3127 388
3128 388
3129 388
3130 388
3131 388
3132 388
3133 388
3134 388
3135 388
3136 388
3138 389
3139 389
3140 389
3141 389
3142 389
3143 389
3144 389
3145 389
3146 389
3147 388
3148 388
3149 388
3150 388
3152 389
3153 389
3154 389
3155 389
3156 389
3157 389
3158 389
3159 389
3160 389
3161 389
3162 389
3163 389
3164 389
3165 389
3167 390
3168 390
3169 390
3170 390
3171 390
3172 390
3173 390
3174 390
3175 390
3176 390
3177 390
3178 390
3179 390
3181 391
3182 391
3183 391
3184 391
3185 391
3186 391
3187 391
3188 391
3189 391
3190 391
3191 391
3192 390
3193 390
3194 390
3196 391
3197 391
3198 391
3199 391
3200 391
3201 391
3202 391
3203 391
3204 391
3205 391
3206 391
3207 391
3208 391
3209 391
3210 391
3212 392
3213 392
3214 392
3215 392
3216 392
3217 392
3218 392
3219 392
3220 392
3221 392
3222 392
3223 392
3224 392
3225 392
3227 393
3228 393
3229 393
3230 393
3231 393
3232 393
3233 393
3234 393
3235 393
3236 393
3237 392
3238 392
3239 392
3240 392
3241 392
3243 393
3244 393
3245 393
3246 393
3247 393
3248 393
3249 393
3250 393
3251 393
3252 393
3253 393
3254 393
3255 393
3256 393
3257 393
3259 394
3260 394
3261 394
3262 394
3263 394
3264 394
3265 394
3266 394
3267 394
3268 394
3269 394
3270 394
3271 394
3272 394
3273 394
3274 394
3276 395
3277 395
3278 395
3279 395
3280 395
3281 395
3282 395
3283 394
3284 394
3285 394
3286 394
3287 394
3288 394
3289 394
3290 394
3291 394
3293 395
3294 395
3295 395
3296 395
3297 395
3298 395
3299 395
3300 395
3301 395
3302 395
3303 395
3304 395
3305 395
3306 395
3307 395
3308 395
3310 396
3311 396
3312 396
3313 396
3314 396
3315 396
3316 396
3317 396
3318 396
3319 396
3320 396
3321 396
3322 396
3323 396
3324 396
3325 396
3326 396
3328 396
3329 396
3330 396
3331 396
3332 396
3333 396
3334 396
3335 396
3336 396
3337 396
3338 396
3339 396
3340 396
3341 396
3342 396
3343 396
3344 396
3346 397
3347 397
3348 397
3349 397
3350 397
3351 397
3352 397
3353 397
3354 397
3355 397
3356 397
3357 397
3358 397
3359 397
3360 397
3361 397
3362 397
3364 398
3365 398
3366 398
3367 398
3368 398
3369 398
3370 398
3371 398
3372 397
3373 397
3374 397
3375 397
3376 397
3377 397
3378 397
3379 397
3380 397
3381 397
3383 398
3384 398
3385 398
3386 398
3387 398
3388 398
3389 398
3390 398
3391 398
3392 398
3393 398
3394 398
3395 398
3396 398
3397 398
3398 398
3399 398
3400 398
3401 398
3403 399
3404 399
3405 399
3406 399
3407 399
3408 399
3409 399
3410 399
3411 399
3412 399
3413 399
3414 399
3415 399
3416 398
3417 398
3418 398
3419 398
3420 398
3421 398
3423 399
3424 399
3425 399
3426 399
3427 399
3428 399
3429 399
3430 399
3431 399
3432 399
3433 399
3434 399
3435 399
3436 399
3437 399
3438 399
3439 399
3440 399
3441 399
3442 399
3444 400
3445 400
3446 400
3447 400
3448 400
3449 400
3450 400
3451 400
3452 400
3453 400
3454 400
3455 400
3456 400
3457 400
3458 400
3459 400
3460 399
3461 399
3462 399
3463 399
3464 399
3466 400
3467 400
3468 400
3469 400
3470 400
3471 400
3472 400
3473 400
3474 400
3475 400
3476 400
3477 400
3478 400
3479 400
3480 400
3481 400
3482 400
3483 400
3484 400
3485 400
3486 400
3487 400
3489 401
3490 401
3491 401
3492 401
3493 401
3494 401
3495 401
3496 401
3497 401
3498 401
3499 401
3500 401
3501 401
3502 401
3503 401
3504 400
3505 400
3506 400
3507 400
3508 400
3509 400
3510 400
3512 401
3513 401
3514 401
3515 401
3516 401
3517 401
3518 401
3519 401
3520 401
3521 401
3522 401
3523 401
3524 401
3525 401
3526 401
3527 401
3528 401
3529 401
3530 401
3531 401
3532 401
3533 401
3534 401
3535 401
3537 402
3538 402
3539 402
3540 402
3541 402
3542 402
3543 402
3544 402
3545 402
3546 402
3547 402
3548 401
3549 401
3550 401
3551 401
3552 401
3553 401
3554 401
3555 401
3556 401
3557 401
3558 401
3559 401
3560 401
3561 401
3562 401
3564 402
3565 402
3566 402
3567 402
3568 402
3569 402
3570 402
3571 402
3572 402
3573 402
3574 402
3575 402
3576 402
3577 402
3578 402
3579 402
3580 402
3581 402
3582 402
3583 402
3584 402
3585 402
3586 402
3587 402
3588 402
3589 402
3591 403
3592 402
3593 402
3594 402
3595 402
3596 402
3597 402
3598 402
3599 402
3600 402
3601 402
3602 402
3603 402
3604 402
3605 402
3606 402
3607 402
3608 402
3609 402
3610 402
3611 402
3612 402
3613 402
3614 402
3615 402
3616 402
3617 402
3618 402
3619 402
3621 403
3622 403
3623 403
3624 403
3625 403
3626 403
3627 403
3628 403
3629 403
3630 403
3631 403
3632 403
3633 403
3634 403
3635 402
3636 402
3637 402
3638 402
3639 402
3640 402
3641 402
3642 402
3643 402
3644 402
3645 402
3646 402
3647 402
3648 402
3649 402
3650 402
3651 402
3652 402
3654 403
3655 403
3656 403
3657 403
3658 403
3659 403
3660 403
3661 403
3662 403
3663 403
3664 403
3665 403
3666 403
3667 403
3668 403
3669 403
3670 403
3671 403
3672 403
3673 403
3674 403
3675 403
3676 403
3677 403
3678 402
3679 402
3680 402
3681 402
3682 402
3683 402
3684 402
3685 402
3686 402
3687 402
3688 402
3690 403
3691 403
3692 403
3693 403
3694 403
3695 403
3696 403
3697 403
3698 403
3699 403
3700 403
3701 403
3702 403
3703 403
3704 403
3705 403
3706 403
3707 403
3708 403
3709 403
3710 403
3711 403
3712 403
3713 403
3714 403
3715 403
3716 403
3717 403
3718 403
3719 403
3720 403
3721 403
3722 402
3723 402
3724 402
3725 402
3726 402
3727 402
3728 402
3730 403
3731 403
3732 403
3733 403
3734 403
3735 403
3736 403
3737 403
3738 403
3739 403
3740 403
3741 403
3742 403
3743 403
3744 403
3745 403
3746 403
3747 403
3748 403
3749 403
3750 403
3751 403
3752 403
3753 403
3754 403
3755 403
3756 403
3757 403
3758 403
3759 403
3760 403
3761 403
3762 403
3763 403
3764 403
3765 402
3766 402
3767 402
3768 402
3769 402
3770 402
3771 402
3772 402
3773 402
3774 402
3775 402
3776 402
3777 402
3779 403
3780 403
3781 403
3782 403
3783 403
3784 403
3785 403
3786 403
3787 403
3788 403
3789 403
3790 403
3791 403
3792 403
3793 403
3794 403
3795 403
3796 403
3797 403
3798 403
3799 403
3800 403
3801 403
3802 403
3803 403
3804 403
3805 403
3806 403
3807 403
3808 402
3809 402
3810 402
3811 402
3812 402
3813 402
3814 402
3815 402
3816 402
3817 402
3818 402
3819 402
3820 402
3821 402
3822 402
3823 402
3824 402
3825 402
3826 402
3827 402
3828 402
3829 402
3830 402
3831 402
3832 402
3833 402
3834 402
3835 402
3836 402
3837 402
3838 402
3839 402
3840 402
3842 403
3843 403
3844 403
3845 403
3846 403
3847 403
3848 403
3849 403
3850 403
3851 402
3852 402
3853 402
3854 402
3855 402
3856 402
3857 402
3858 402
3859 402
3860 402
3861 402
3862 402
3863 402
3864 402
3865 402
3866 402
3867 402
3868 402
3869 402
3870 402
3871 402
3872 402
3873 402
3874 402
3875 402
3876 402
3877 402
3878 402
3879 402
3880 402
3881 402
3882 402
3883 402
3884 402
3885 402
3886 402
3887 402
3888 402
3889 402
3890 402
3891 402
3892 402
3893 401
3894 401
3895 401
3896 401
3897 401
3898 401
3899 401
3900 401
3901 401
3902 401
3903 401
3904 401
3905 401
3906 401
3907 401
3908 401
3909 401
3910 401
3911 401
3912 401
3913 401
3914 401
3915 401
3916 401
3917 401
3918 401
3919 401
3920 401
3921 401
3922 401
3923 401
3924 401
3925 401
3926 401
3927 401
3928 401
3929 401
3930 401
3931 401
3932 401
3933 401
3934 401
3935 400
3936 400
3937 400
3938 400
3939 400
3940 400
3941 400
3942 400
3943 400
3944 400
3945 400
3946 400
3947 400
3948 400
3949 400
3950 400
3951 400
3952 400
3953 400
3954 400
3955 400
3956 400
3957 400
3958 400
3959 400
3960 400
3961 400
3962 400
3963 400
3964 400
3965 400
3966 400
3967 400
3968 400
3969 400
3970 400
3971 400
3972 400
3973 400
3974 400
3975 400
3976 400
3977 399
3978 399
3979 399
3980 399
3981 399
3982 399
3983 399
3984 399
3985 399
3986 399
3987 399
3988 399
3989 399
3990 399
3991 399
3992 399
3993 399
3994 399
3995 399
3996 399
3997 399
3998 399
3999 399
4000 399
4001 399
4002 399
4003 399
4004 399
4005 399
4006 399
4007 399
4008 399
4009 399
4010 399
4011 399
4012 399
4013 399
4014 399
4015 399
4016 399
4017 399
4018 399
4019 398
4020 398
4021 398
4022 398
4023 398
4024 398
4025 398
4026 398
4027 398
4028 398
4029 398
4030 398
4031 398
4032 398
4033 398
4034 398
4035 398
4036 398
4037 398
4038 398
4039 398
4040 398
4041 398
4042 398
4043 398
4044 398
4045 398
4046 398
4047 398
4048 398
4049 398
4050 398
4051 398
4052 398
4053 398
4054 398
4055 398
4056 398
4057 398
4058 398
4059 398
4060 398
4061 397
4062 397
4063 397
4064 397
4065 397
4066 397
4067 397
4068 397
4069 397
4070 397
4071 397
4072 397
4073 397
4074 397
4075 397
4076 397
4077 397
4078 397
4079 397
4080 397
4081 397
4082 397
4083 397
4084 397
4085 397
4086 397
4087 397
4088 397
4089 397
4090 397
4091 397
4092 397
4093 397
4094 397
4095 397
4095 396
4095 395
4095 394
4095 393
4095 392
4095 391
4095 390
4095 389
4095 387
4095 386
4095 385
4095 384
4095 383
4095 382
4095 381
4095 380
4095 379
4095 378
4095 377
4095 376
4095 375
4095 374
4095 373
4095 372
4095 371
4095 370
4095 369
4095 368
4095 367
4095 366
4095 365
4095 364
4095 363
4095 362
4095 361
4095 360
4095 359
4095 358
4095 357
4095 356
4095 355
4095 354
4095 353
4095 352
4095 351
4095 350
4095 349
4095 348
4095 347
4095 346
4095 344
4095 343
4095 342
4095 341
4095 340
4095 339
4095 338
4095 337
4095 336
4095 335
4095 334
4095 333
4095 332
4095 331
4095 330
4095 329
4095 328
4095 327
4095 326
4095 325
4095 324
4095 323
4095 322
4095 321
4095 320
4095 319
4095 318
4095 317
4095 316
4095 315
4095 314
4095 313
4095 312
4095 311
4095 310
4095 309
4095 308
4095 307
4095 306
4095 305
4095 304
4095 303
4095 301
4095 300
4095 299
4095 298
4095 297
4095 296
4095 295
4095 294
4095 293
4095 292
4095 291
4095 290
4095 289
4095 288
4095 287
4095 286
4095 285
4095 284
4095 283
4095 282
4095 281
4095 280
4095 279
4095 278
4095 277
4095 276
4095 275
4095 274
4095 273
4095 272
4095 271
4095 270
4095 269
4095 268
4095 267
4095 266
4095 265
4095 264
4095 263
4095 262
4095 261
4095 260
4095 258
4095 257
4095 256
4095 255
4095 254
4095 253
4095 252
4095 251
4095 250
4095 249
4095 248
4095 247
4095 246
4095 245
4095 244
4095 243
4095 242
4095 241
4095 240
4095 239
4095 238
4095 237
4095 236
4095 235
4095 234
4095 233
4095 232
4095 231
4095 230
4095 229
4095 228
4095 227
4095 226
4095 225
4095 224
4095 223
4095 222
4095 221
4095 220
4095 219
4095 218
4095 217
4095 215
4095 214
4095 213
4095 212
4095 211
4095 210
4095 209
4095 208
4095 207
4095 206
4095 205
4095 204
4095 203
4095 202
4095 201
4095 200
4095 199
4095 198
4095 197
4095 196
4095 195
4095 194
4095 193
4095 192
4095 191
4095 190
4095 189
4095 188
4095 187
4095 186
4095 185
4095 184
4095 183
4095 182
4095 181
4095 180
4095 179
4095 178
4095 177
4095 176
4095 175
4095 174
4095 172
4095 171
4095 170
4095 169
4095 168
4095 167
4095 166
4095 165
4095 164
4095 163
4095 162
4095 161
4095 160
4095 159
4095 158
4095 157
4095 156
4095 155
4095 154
4095 153
4095 152
4095 151
4095 150
4095 149
4095 148
4095 147
4095 146
4095 145
4095 144
4095 143
4095 142
4095 141
4095 140
4095 139
4095 138
4095 137
4095 136
4095 135
4095 134
4095 133
4095 132
4095 131
4095 129
4095 128
4095 127
4095 126
4095 125
4095 124
4095 123
4095 122
4095 121
4095 120
4095 119
4095 118
4095 117
4095 116
4095 115
4095 114
4095 113
4095 112
4095 111
4095 110
4095 109
4095 108
4095 107
4095 106
4095 105
4095 104
4095 103
4095 102
4095 101
4095 100
4095 99
4095 98
4095 97
4095 96
4095 95
4095 94
4095 93
4095 92
4095 91
4095 90
4095 89
4095 88
4095 86
4095 85
4095 84
4095 83
