81 163
82 164
83 165
84 167
85 168
87 169
88 170
89 171
90 173
91 174
92 175
93 176
94 178
95 179
96 180
97 181
98 182
99 184
100 185
101 186
102 187
103 188
104 190
105 191
106 192
107 193
108 195
109 196
110 197
111 198
112 199
113 201
114 202
115 203
116 204
117 207
118 208
119 209
120 210
121 211
122 213
123 214
124 215
125 216
126 217
127 219
128 220
130 221
131 222
132 224
133 225
134 226
135 227
136 228
137 230
138 231
139 232
140 233
141 235
142 236
143 237
144 238
145 239
146 241
147 242
148 243
149 244
150 246
151 247
152 248
153 249
154 250
155 252
156 253
157 254
158 255
159 256
160 258
161 259
162 260
163 261
164 263
165 264
166 265
167 266
168 267
169 269
170 270
171 271
173 272
174 274
175 275
176 276
177 277
178 278
179 280
180 281
181 282
182 283
183 284
184 286
185 287
186 288
187 289
188 291
189 292
190 293
191 294
192 295
193 297
194 298
195 299
196 300
197 301
198 303
199 304
200 305
201 306
202 308
203 309
204 310
205 311
206 312
207 314
208 315
209 316
210 317
211 319
212 320
213 321
214 322
216 323
217 325
218 326
219 327
220 328
221 329
222 331
223 332
224 333
225 334
226 336
227 337
228 338
229 339
230 340
231 342
232 343
233 344
234 345
235 347
236 348
237 349
238 350
239 351
240 353
241 354
242 355
243 356
244 357
245 359
246 360
247 361
248 362
249 364
250 365
251 366
252 367
253 368
254 370
255 371
256 372
257 373
259 375
260 376
261 377
262 378
263 379
264 381
265 382
266 383
267 384
268 385
269 387
270 388
271 389
272 390
273 392
274 393
275 394
276 395
277 396
278 398
279 399
280 400
281 401
282 402
283 404
284 405
285 406
286 407
287 409
288 410
289 411
290 412
291 413
292 415
293 416
294 417
295 418
296 420
297 421
298 422
299 423
300 424
302 426
303 427
304 428
305 429
306 430
307 432
308 433
309 434
310 435
311 437
312 438
313 439
314 440
315 441
316 443
317 444
318 445
319 446
320 447
321 449
322 450
323 451
324 452
325 454
326 455
327 456
328 457
329 459
330 461
331 462
332 463
333 464
334 465
335 467
336 468
337 469
338 470
339 472
340 473
341 474
342 475
343 476
345 478
346 479
347 480
348 481
349 483
350 484
351 485
352 486
353 487
354 489
355 490
356 491
357 492
358 493
359 495
360 496
361 497
362 498
363 500
364 501
365 502
366 503
367 504
368 506
369 507
370 508
371 509
372 510
373 512
374 513
375 514
376 515
377 517
378 518
379 519
380 520
381 521
382 523
383 524
384 525
385 526
386 527
388 529
389 530
390 531
391 532
392 534
393 535
394 536
395 537
396 538
397 540
398 541
399 542
400 543
401 544
402 546
403 547
404 548
405 549
406 551
407 552
408 553
409 554
410 555
411 557
412 558
413 559
414 560
415 561
416 563
417 564
418 565
419 566
420 568
421 569
422 570
423 571
424 572
425 574
426 575
427 576
428 577
429 578
430 580
432 581
433 582
434 583
435 585
436 586
437 587
438 588
439 589
440 591
441 592
442 593
443 594
444 595
445 597
446 598
447 599
448 600
449 602
450 603
451 604
452 605
453 606
454 608
455 609
456 610
457 611
458 612
459 614
460 615
461 616
462 617
463 619
464 620
465 621
466 622
467 623
468 625
469 626
470 627
471 628
472 629
473 631
475 632
476 633
477 634
478 636
479 637
480 638
481 639
482 640
483 642
484 643
485 644
486 645
487 646
488 648
489 649
490 650
491 651
492 652
493 654
494 655
495 656
496 657
497 659
498 660
499 661
500 662
501 663
502 665
503 666
504 667
505 668
506 669
507 671
508 672
509 673
510 674
511 676
512 677
513 678
514 679
515 680
516 682
518 683
519 684
520 685
521 686
522 688
523 689
524 690
525 691
526 692
527 694
528 695
529 696
530 697
531 699
532 700
533 701
534 702
535 703
536 705
537 706
538 707
539 708
540 709
541 711
542 712
543 713
544 714
545 716
546 717
547 718
548 719
549 720
550 722
551 723
552 724
553 725
554 726
555 728
556 729
557 730
558 731
559 732
561 734
562 735
563 736
564 737
565 739
566 740
567 741
568 742
569 743
570 745
571 746
572 747
573 748
574 749
575 751
576 752
577 753
578 754
579 755
580 757
581 758
582 759
583 760
584 762
585 763
586 764
587 765
588 766
589 768
590 769
591 770
592 771
593 772
594 774
595 775
596 776
597 777
598 778
599 780
600 781
601 782
602 783
604 785
605 786
606 787
607 788
608 789
609 791
610 792
611 793
612 794
613 795
614 797
615 798
616 799
617 800
618 801
619 803
620 804
621 805
622 806
623 808
624 809
625 810
626 811
627 812
628 814
629 815
630 816
631 817
632 818
633 820
634 821
635 822
636 823
637 824
638 826
639 827
640 828
641 829
642 830
643 832
644 833
645 834
647 835
648 837
649 838
650 839
651 840
652 841
653 843
654 844
655 845
656 846
657 847
658 849
659 850
660 851
661 852
662 853
663 855
664 856
665 857
666 858
667 860
668 861
669 862
670 863
671 864
672 866
673 867
674 868
675 869
676 870
677 872
678 873
679 874
680 875
681 876
682 878
683 879
684 880
685 881
686 882
687 884
688 885
690 886
691 887
692 889
693 890
694 891
695 892
696 893
697 895
698 896
699 897
700 898
701 899
702 901
703 902
704 903
705 904
706 905
707 907
708 908
709 909
710 910
711 911
712 913
713 914
714 915
715 916
716 917
717 919
718 920
719 921
720 922
721 924
722 925
723 926
724 927
725 928
726 930
727 931
728 932
729 933
730 934
731 936
733 937
734 938
735 939
736 940
737 942
738 943
739 944
740 945
741 946
742 948
743 949
744 950
745 951
746 952
747 954
748 955
749 956
750 957
751 958
752 960
753 961
754 962
755 963
756 965
757 966
758 967
759 968
760 969
761 971
762 972
763 973
764 974
765 975
766 977
767 978
768 979
769 980
770 981
771 983
772 984
773 985
774 986
776 987
777 989
778 990
779 991
780 992
781 993
782 995
783 996
784 997
785 998
786 999
787 1001
788 1002
789 1003
790 1004
791 1005
792 1007
793 1008
794 1009
795 1010
796 1012
797 1013
798 1014
799 1015
800 1016
801 1018
802 1019
803 1020
804 1021
805 1022
806 1024
807 1025
808 1026
809 1027
810 1028
811 1030
812 1031
813 1032
814 1033
815 1034
816 1036
817 1037
818 1038
820 1039
821 1040
822 1042
823 1043
824 1044
825 1045
826 1046
827 1048
828 1049
829 1050
830 1051
831 1052
832 1054
833 1055
834 1056
835 1057
836 1058
837 1060
838 1061
839 1062
840 1063
841 1064
842 1066
843 1067
844 1068
845 1069
846 1070
847 1072
848 1073
849 1074
850 1075
851 1076
852 1078
853 1079
854 1080
855 1081
856 1083
857 1084
858 1085
859 1086
860 1087
861 1089
863 1090
864 1091
865 1092
866 1093
867 1095
868 1096
869 1097
870 1098
871 1099
872 1101
873 1102
874 1103
875 1104
876 1105
877 1107
878 1108
879 1108
880 1109
881 1110
882 1112
883 1113
884 1114
885 1115
886 1116
887 1118
888 1119
889 1120
890 1121
891 1122
892 1124
893 1125
894 1126
895 1127
896 1128
897 1130
898 1131
899 1132
900 1133
901 1134
902 1136
903 1137
904 1138
906 1139
907 1140
908 1142
909 1143
910 1144
911 1145
912 1146
913 1148
914 1149
915 1150
916 1151
917 1152
918 1154
919 1155
920 1156
921 1157
922 1158
923 1160
924 1161
925 1162
926 1163
927 1164
928 1166
929 1167
930 1168
931 1169
932 1170
933 1172
934 1173
935 1174
936 1175
937 1176
938 1178
939 1179
940 1180
941 1181
942 1182
943 1184
944 1185
945 1186
946 1187
947 1188
949 1190
950 1191
951 1192
952 1193
953 1194
954 1196
955 1197
956 1198
957 1199
958 1200
959 1202
960 1203
961 1204
962 1205
963 1206
964 1208
965 1209
966 1210
967 1211
968 1212
969 1214
970 1215
971 1216
972 1217
973 1218
974 1220
975 1221
976 1222
977 1223
978 1224
979 1225
980 1227
981 1228
982 1229
983 1229
984 1230
985 1232
986 1233
987 1234
988 1235
989 1236
990 1238
992 1239
993 1240
994 1241
995 1242
996 1244
997 1245
998 1246
999 1247
1000 1248
1001 1250
1002 1251
1003 1252
1004 1253
1005 1254
1006 1256
1007 1257
1008 1258
1009 1259
1010 1260
1011 1262
1012 1263
1013 1264
1014 1265
1015 1266
1016 1268
1017 1269
1018 1270
1019 1271
1020 1272
1021 1274
1022 1275
1023 1276
1024 1277
1025 1278
1026 1280
1027 1281
1028 1282
1029 1283
1030 1284
1031 1286
1032 1287
1033 1288
1035 1289
1036 1290
1037 1291
1038 1293
1039 1294
1040 1295
1041 1296
1042 1297
1043 1299
1044 1300
1045 1301
1046 1302
1047 1303
1048 1305
1049 1306
1050 1307
1051 1308
1052 1309
1053 1311
1054 1312
1055 1313
1056 1314
1057 1315
1058 1317
1059 1317
1060 1318
1061 1319
1062 1320
1063 1322
1064 1323
1065 1324
1066 1325
1067 1326
1068 1328
1069 1329
1070 1330
1071 1331
1072 1332
1073 1333
1074 1335
1075 1336
1076 1337
1078 1338
1079 1339
1080 1341
1081 1342
1082 1343
1083 1344
1084 1345
1085 1347
1086 1348
1087 1349
1088 1350
1089 1351
1090 1353
1091 1354
1092 1355
1093 1356
1094 1357
1095 1359
1096 1360
1097 1361
1098 1362
1099 1363
1100 1364
1101 1366
1102 1367
1103 1368
1104 1369
1105 1370
1106 1372
1107 1373
1108 1374
1109 1375
1110 1376
1111 1378
1112 1379
1113 1380
1114 1381
1115 1382
1116 1384
1117 1385
1118 1386
1119 1387
1121 1388
1122 1389
1123 1390
1124 1391
1125 1392
1126 1393
1127 1394
1128 1396
1129 1397
1130 1398
1131 1399
1132 1400
1133 1402
1134 1403
1135 1404
1136 1405
1137 1406
1138 1408
1139 1409
1140 1410
1141 1411
1142 1412
1143 1414
1144 1415
1145 1416
1146 1417
1147 1418
1148 1419
1149 1421
1150 1422
1151 1423
1152 1424
1153 1425
1154 1427
1155 1428
1156 1429
1157 1430
1158 1431
1159 1433
1160 1434
1161 1435
1162 1436
1164 1437
1165 1438
1166 1440
1167 1441
1168 1442
1169 1443
1170 1444
1171 1446
1172 1447
1173 1448
1174 1449
1175 1450
1176 1451
1177 1452
1178 1453
1179 1454
1180 1455
1181 1457
1182 1458
1183 1459
1184 1460
1185 1461
1186 1462
1187 1464
1188 1465
1189 1466
1190 1467
1191 1468
1192 1470
1193 1471
1194 1472
1195 1473
1196 1474
1197 1476
1198 1477
1199 1478
1200 1479
1201 1480
1202 1481
1203 1483
1204 1484
1205 1485
1207 1486
1208 1487
1209 1489
1210 1490
1211 1491
1212 1492
1213 1493
1214 1495
1215 1496
1216 1497
1217 1498
1218 1499
1219 1500
1220 1502
1221 1503
1222 1504
1223 1505
1224 1506
1225 1507
1226 1508
1227 1509
1228 1510
1229 1511
1230 1512
1231 1514
1232 1515
1233 1516
1234 1517
1235 1518
1236 1520
1237 1521
1238 1522
1239 1523
1240 1524
1241 1526
1242 1527
1243 1528
1244 1529
1245 1530
1246 1531
1247 1533
1248 1534
1249 1535
1251 1536
1252 1537
1253 1539
1254 1540
1255 1541
1256 1542
1257 1543
1258 1544
1259 1546
1260 1547
1261 1548
1262 1549
1263 1550
1264 1552
1265 1553
1266 1554
1267 1555
1268 1556
1269 1557
1270 1558
1271 1559
1272 1560
1273 1561
1274 1562
1275 1564
1276 1565
1277 1566
1278 1567
1279 1568
1280 1570
1281 1571
1282 1572
1283 1573
1284 1574
1285 1575
1286 1577
1287 1578
1288 1579
1289 1580
1290 1581
1291 1583
1292 1584
1294 1585
1295 1586
1296 1587
1297 1588
1298 1590
1299 1591
1300 1592
1301 1593
1302 1594
1303 1596
1304 1597
1305 1598
1306 1599
1307 1600
1308 1601
1309 1603
1310 1603
1311 1604
1312 1605
1313 1606
1314 1608
1315 1609
1316 1610
1317 1611
1318 1612
1319 1613
1320 1615
1321 1616
1322 1617
1323 1618
1324 1619
1325 1621
1326 1622
1327 1623
1328 1624
1329 1625
1330 1626
1331 1628
1332 1629
1333 1630
1334 1631
1335 1632
1337 1634
1338 1635
1339 1636
1340 1637
1341 1638
1342 1639
1343 1641
1344 1642
1345 1643
1346 1644
1347 1645
1348 1646
1349 1647
1350 1648
1351 1649
1352 1650
1353 1651
1354 1653
1355 1654
1356 1655
1357 1656
1358 1657
1359 1658
1360 1660
1361 1661
1362 1662
1363 1663
1364 1664
1365 1666
1366 1667
1367 1668
1368 1669
1369 1670
1370 1671
1371 1673
1372 1674
1373 1675
1374 1676
1375 1677
1376 1679
1377 1680
1378 1681
1380 1682
1381 1683
1382 1684
1383 1686
1384 1687
1385 1688
1386 1688
1387 1689
1388 1690
1389 1692
1390 1693
1391 1694
1392 1695
1393 1696
1394 1698
1395 1699
1396 1700
1397 1701
1398 1702
1399 1703
1400 1705
1401 1706
1402 1707
1403 1708
1404 1709
1405 1710
1406 1712
1407 1713
1408 1714
1409 1715
1410 1716
1411 1718
1412 1719
1413 1720
1414 1721
1415 1722
1416 1723
1417 1725
1418 1726
1419 1727
1420 1727
1421 1728
1423 1729
1424 1731
1425 1732
1426 1733
1427 1734
1428 1735
1429 1737
1430 1738
1431 1739
1432 1740
1433 1741
1434 1742
1435 1744
1436 1745
1437 1746
1438 1747
1439 1748
1440 1749
1441 1751
1442 1752
1443 1753
1444 1754
1445 1755
1446 1757
1447 1758
1448 1759
1449 1760
1450 1761
1451 1762
1452 1764
1453 1765
1454 1765
1455 1766
1456 1767
1457 1768
1458 1770
1459 1771
1460 1772
1461 1773
1462 1774
1463 1775
1464 1777
1466 1778
1467 1779
1468 1780
1469 1781
1470 1782
1471 1784
1472 1785
1473 1786
1474 1787
1475 1788
1476 1790
1477 1791
1478 1792
1479 1793
1480 1794
1481 1795
1482 1797
1483 1798
1484 1799
1485 1800
1486 1801
1487 1801
1488 1803
1489 1804
1490 1805
1491 1806
1492 1807
1493 1808
1494 1810
1495 1811
1496 1812
1497 1813
1498 1814
1499 1815
1500 1817
1501 1818
1502 1819
1503 1820
1504 1821
1505 1823
1506 1824
1507 1825
1509 1826
1510 1827
1511 1828
1512 1830
1513 1831
1514 1832
1515 1833
1516 1834
1517 1835
1518 1836
1519 1837
1520 1838
1521 1839
1522 1840
1523 1841
1524 1843
1525 1844
1526 1845
1527 1846
1528 1847
1529 1848
1530 1850
1531 1851
1532 1852
1533 1853
1534 1854
1535 1855
1536 1857
1537 1858
1538 1859
1539 1860
1540 1861
1541 1862
1542 1864
1543 1865
1544 1866
1545 1867
1546 1868
1547 1869
1548 1870
1549 1871
1550 1872
1552 1873
1553 1874
1554 1875
1555 1877
1556 1878
1557 1879
1558 1880
1559 1881
1560 1882
1561 1884
1562 1885
1563 1886
1564 1887
1565 1888
1566 1889
1567 1891
1568 1892
1569 1893
1570 1894
1571 1895
1572 1896
1573 1898
1574 1899
1575 1900
1576 1901
1577 1902
1578 1903
1579 1904
1580 1905
1581 1906
1582 1907
1583 1908
1584 1909
1585 1911
1586 1912
1587 1913
1588 1914
1589 1915
1590 1916
1591 1918
1592 1919
1593 1920
1595 1921
1596 1922
1597 1923
1598 1925
1599 1926
1600 1927
1601 1928
1602 1929
1603 1930
1604 1932
1605 1933
1606 1934
1607 1935
1608 1936
1609 1936
1610 1938
1611 1939
1612 1940
1613 1941
1614 1942
1615 1943
1616 1945
1617 1946
1618 1947
1619 1948
1620 1949
1621 1950
1622 1952
1623 1953
1624 1954
1625 1955
1626 1956
1627 1957
1628 1959
1629 1960
1630 1961
1631 1962
1632 1963
1633 1964
1634 1965
1635 1967
1636 1968
1637 1968
1639 1969
1640 1970
1641 1971
1642 1973
1643 1974
1644 1975
1645 1976
1646 1977
1647 1978
1648 1980
1649 1981
1650 1982
1651 1983
1652 1984
1653 1985
1654 1987
1655 1988
1656 1989
1657 1990
1658 1991
1659 1992
1660 1994
1661 1995
1662 1996
1663 1997
1664 1998
1665 1999
1666 2000
1667 2001
1668 2002
1669 2003
1670 2004
1671 2005
1672 2006
1673 2008
1674 2009
1675 2010
1676 2011
1677 2012
1678 2013
1679 2015
1680 2016
1682 2017
1683 2018
1684 2019
1685 2020
1686 2022
1687 2023
1688 2024
1689 2025
1690 2026
1691 2027
1692 2028
1693 2030
1694 2031
1695 2031
1696 2032
1697 2033
1698 2034
1699 2036
1700 2037
1701 2038
1702 2039
1703 2040
1704 2041
1705 2043
1706 2044
1707 2045
1708 2046
1709 2047
1710 2048
1711 2050
1712 2051
1713 2052
1714 2053
1715 2054
1716 2055
1717 2056
1718 2058
1719 2059
1720 2060
1721 2061
1722 2062
1723 2062
1725 2064
1726 2065
1727 2066
1728 2067
1729 2068
1730 2069
1731 2070
1732 2072
1733 2073
1734 2074
1735 2075
1736 2076
1737 2077
1738 2079
1739 2080
1740 2081
1741 2082
1742 2083
1743 2084
1744 2086
1745 2087
1746 2088
1747 2089
1748 2090
1749 2091
1750 2092
1751 2093
1752 2094
1753 2095
1754 2096
1755 2097
1756 2098
1757 2100
1758 2101
1759 2102
1760 2103
1761 2104
1762 2105
1763 2106
1764 2108
1765 2109
1766 2110
1768 2111
1769 2112
1770 2113
1771 2115
1772 2116
1773 2117
1774 2118
1775 2119
1776 2120
1777 2121
1778 2123
1779 2124
1780 2124
1781 2125
1782 2126
1783 2127
1784 2129
1785 2130
1786 2131
1787 2132
1788 2133
1789 2134
1790 2135
1791 2137
1792 2138
1793 2139
1794 2140
1795 2141
1796 2142
1797 2143
1798 2145
1799 2146
1800 2147
1801 2148
1802 2149
1803 2150
1804 2152
1805 2153
1806 2154
1807 2155
1808 2155
1809 2156
1811 2157
1812 2159
1813 2160
1814 2161
1815 2162
1816 2163
1817 2164
1818 2166
1819 2167
1820 2168
1821 2169
1822 2170
1823 2171
1824 2172
1825 2174
1826 2175
1827 2176
1828 2177
1829 2178
1830 2179
1831 2180
1832 2182
1833 2183
1834 2184
1835 2185
1836 2186
1837 2186
1838 2188
1839 2189
1840 2190
1841 2191
1842 2192
1843 2193
1844 2194
1845 2196
1846 2197
1847 2198
1848 2199
1849 2200
1850 2201
1851 2202
1852 2204
1854 2205
1855 2206
1856 2207
1857 2208
1858 2209
1859 2210
1860 2212
1861 2213
1862 2214
1863 2215
1864 2216
1865 2217
1866 2218
1867 2219
1868 2220
1869 2221
1870 2222
1871 2223
1872 2224
1873 2226
1874 2227
1875 2228
1876 2229
1877 2230
1878 2231
1879 2232
1880 2234
1881 2235
1882 2236
1883 2237
1884 2238
1885 2239
1886 2240
1887 2242
1888 2243
1889 2244
1890 2245
1891 2246
1892 2247
1893 2248
1894 2249
1895 2250
1897 2251
1898 2252
1899 2253
1900 2254
1901 2255
1902 2257
1903 2258
1904 2259
1905 2260
1906 2261
1907 2262
1908 2263
1909 2265
1910 2266
1911 2267
1912 2268
1913 2269
1914 2270
1915 2271
1916 2273
1917 2274
1918 2275
1919 2276
1920 2277
1921 2278
1922 2279
1923 2281
1924 2282
1925 2282
1926 2283
1927 2284
1928 2285
1929 2286
1930 2288
1931 2289
1932 2290
1933 2291
1934 2292
1935 2293
1936 2294
1937 2296
1938 2297
1940 2298
1941 2299
1942 2300
1943 2301
1944 2302
1945 2304
1946 2305
1947 2306
1948 2307
1949 2308
1950 2309
1951 2310
1952 2312
1953 2313
1954 2314
1955 2315
1956 2315
1957 2316
1958 2317
1959 2319
1960 2320
1961 2321
1962 2322
1963 2323
1964 2324
1965 2325
1966 2327
1967 2328
1968 2329
1969 2330
1970 2331
1971 2332
1972 2333
1973 2335
1974 2336
1975 2337
1976 2338
1977 2339
1978 2340
1979 2341
1980 2342
1981 2344
1983 2345
1984 2346
1985 2347
1986 2348
1987 2349
1988 2349
1989 2351
1990 2352
1991 2353
1992 2354
1993 2355
1994 2356
1995 2357
1996 2359
1997 2360
1998 2361
1999 2362
2000 2363
2001 2364
2002 2365
2003 2367
2004 2368
2005 2369
2006 2370
2007 2371
2008 2372
2009 2373
2010 2374
2011 2376
2012 2377
2013 2378
2014 2379
2015 2380
2016 2381
2017 2382
2018 2384
2019 2385
2020 2386
2021 2386
2022 2387
2023 2388
2024 2389
2026 2391
2027 2392
2028 2393
2029 2394
2030 2395
2031 2396
2032 2397
2033 2398
2034 2400
2035 2401
2036 2402
2037 2403
2038 2404
2039 2405
2040 2406
2041 2408
2042 2409
2043 2410
2044 2411
2045 2412
2046 2413
2047 2414
2048 2415
2049 2417
2050 2418
2051 2419
2052 2420
2053 2421
2054 2422
2055 2423
2056 2424
2057 2425
2058 2426
2059 2427
2060 2428
2061 2429
2062 2430
2063 2431
2064 2433
2065 2434
2066 2435
2067 2436
2068 2437
2070 2438
2071 2439
2072 2441
2073 2442
2074 2443
2075 2444
2076 2445
2077 2446
2078 2447
2079 2448
2080 2450
2081 2451
2082 2452
2083 2453
2084 2454
2085 2455
2086 2456
2087 2457
2088 2459
2089 2460
2090 2461
2091 2462
2092 2463
2093 2464
2094 2465
2095 2466
2096 2467
2097 2468
2098 2469
2099 2470
2100 2471
2101 2472
2102 2473
2103 2475
2104 2476
2105 2477
2106 2478
2107 2479
2108 2480
2109 2481
2110 2482
2111 2484
2113 2485
2114 2486
2115 2487
2116 2488
2117 2489
2118 2490
2119 2492
2120 2493
2121 2494
2122 2495
2123 2496
2124 2497
2125 2498
2126 2499
2127 2501
2128 2502
2129 2503
2130 2504
2131 2505
2132 2506
2133 2507
2134 2508
2135 2510
2136 2511
2137 2511
2138 2512
2139 2513
2140 2514
2141 2515
2142 2516
2143 2518
2144 2519
2145 2520
2146 2521
2147 2522
2148 2523
2149 2524
2150 2525
2151 2527
2152 2528
2153 2529
2154 2530
2156 2531
2157 2532
2158 2533
2159 2534
2160 2536
2161 2537
2162 2538
2163 2539
2164 2540
2165 2541
2166 2542
2167 2543
2168 2545
2169 2546
2170 2547
2171 2548
2172 2549
2173 2550
2174 2551
2175 2552
2176 2554
2177 2555
2178 2556
2179 2557
2180 2558
2181 2559
2182 2560
2183 2561
2184 2563
2185 2564
2186 2565
2187 2565
2188 2566
2189 2567
2190 2568
2191 2569
2192 2571
2193 2572
2194 2573
2195 2574
2196 2575
2197 2576
2199 2577
2200 2578
2201 2579
2202 2581
2203 2582
2204 2583
2205 2584
2206 2585
2207 2586
2208 2587
2209 2588
2210 2590
2211 2591
2212 2592
2213 2593
2214 2594
2215 2595
2216 2596
2217 2597
2218 2599
2219 2600
2220 2601
2221 2602
2222 2603
2223 2604
2224 2605
2225 2606
2226 2608
2227 2609
2228 2610
2229 2611
2230 2612
2231 2613
2232 2614
2233 2615
2234 2616
2235 2618
2236 2619
2237 2620
2238 2621
2239 2622
2240 2623
2242 2624
2243 2625
2244 2627
2245 2628
2246 2629
2247 2630
2248 2631
2249 2632
2250 2633
2251 2634
2252 2635
2253 2637
2254 2638
2255 2639
2256 2640
2257 2641
2258 2641
2259 2642
2260 2643
2261 2645
2262 2646
2263 2647
2264 2648
2265 2649
2266 2650
2267 2651
2268 2652
2269 2653
2270 2655
2271 2656
2272 2657
2273 2658
2274 2659
2275 2660
2276 2661
2277 2662
2278 2664
2279 2665
2280 2666
2281 2667
2282 2668
2283 2669
2285 2670
2286 2671
2287 2672
2288 2674
2289 2675
2290 2676
2291 2677
2292 2678
2293 2679
2294 2680
2295 2681
2296 2682
2297 2684
2298 2685
2299 2686
2300 2687
2301 2688
2302 2689
2303 2690
2304 2691
2305 2692
2306 2694
2307 2695
2308 2696
2309 2697
2310 2698
2311 2699
2312 2700
2313 2701
2314 2702
2315 2704
2316 2705
2317 2706
2318 2707
2319 2708
2320 2709
2321 2710
2322 2711
2323 2713
2324 2714
2325 2715
2326 2716
2328 2717
2329 2718
2330 2719
2331 2720
2332 2721
2333 2723
2334 2724
2335 2725
2336 2726
2337 2727
2338 2728
2339 2729
2340 2730
2341 2731
2342 2733
2343 2734
2344 2735
2345 2736
2346 2737
2347 2738
2348 2739
2349 2740
2350 2741
2351 2742
2352 2744
2353 2745
2354 2746
2355 2747
2356 2748
2357 2749
2358 2750
2359 2751
2360 2752
2361 2754
2362 2755
2363 2756
2364 2757
2365 2758
2366 2759
2367 2760
2368 2761
2369 2762
2371 2764
2372 2765
2373 2766
2374 2767
2375 2768
2376 2769
2377 2770
2378 2771
2379 2772
2380 2774
2381 2775
2382 2776
2383 2777
2384 2778
2385 2779
2386 2780
2387 2781
2388 2782
2389 2783
2390 2785
2391 2786
2392 2787
2393 2788
2394 2789
2395 2790
2396 2791
2397 2792
2398 2793
2399 2795
2400 2796
2401 2797
2402 2798
2403 2799
2404 2800
2405 2801
2406 2802
2407 2803
2408 2804
2409 2806
2410 2807
2411 2808
2412 2809
2414 2810
2415 2811
2416 2812
2417 2813
2418 2814
2419 2816
2420 2817
2421 2818
2422 2819
2423 2820
2424 2821
2425 2822
2426 2823
2427 2824
2428 2825
2429 2828
2430 2829
2431 2830
2432 2831
2433 2832
2434 2833
2435 2834
2436 2835
2437 2836
2438 2838
2439 2839
2440 2840
2441 2841
2442 2842
2443 2843
2444 2844
2445 2845
2446 2846
2447 2847
2448 2849
2449 2850
2450 2851
2451 2852
2452 2853
2453 2854
2454 2855
2455 2856
2457 2857
2458 2858
2459 2860
2460 2861
2461 2862
2462 2863
2463 2864
2464 2865
2465 2866
2466 2867
2467 2868
2468 2869
2469 2871
2470 2872
2471 2873
2472 2874
2473 2875
2474 2876
2475 2877
2476 2878
2477 2879
2478 2880
2479 2882
2480 2883
2481 2884
2482 2885
2483 2886
2484 2887
2485 2888
2486 2889
2487 2890
2488 2892
2489 2894
2490 2895
2491 2896
2492 2897
2493 2898
2494 2899
2495 2900
2496 2901
2497 2902
2498 2903
2499 2904
2501 2906
2502 2907
2503 2908
2504 2909
2505 2910
2506 2911
2507 2912
2508 2913
2509 2914
2510 2915
2511 2917
2512 2918
2513 2919
2514 2920
2515 2921
2516 2922
2517 2923
2518 2924
2519 2925
2520 2926
2521 2928
2522 2929
2523 2930
2524 2931
2525 2932
2526 2934
2527 2935
2528 2936
2529 2937
2530 2938
2531 2939
2532 2941
2533 2942
2534 2943
2535 2944
2536 2945
2537 2946
2538 2947
2539 2948
2540 2949
2541 2950
2542 2951
2544 2953
2545 2954
2546 2955
2547 2956
2548 2957
2549 2958
2550 2959
2551 2960
2552 2961
2553 2962
2554 2964
2555 2965
2556 2966
2557 2968
2558 2969
2559 2970
2560 2971
2561 2972
2562 2973
2563 2974
2564 2975
2565 2977
2566 2978
2567 2979
2568 2980
2569 2981
2570 2982
2571 2983
2572 2984
2573 2985
2574 2986
2575 2987
2576 2989
2577 2990
2578 2991
2579 2992
2580 2993
2581 2994
2582 2995
2583 2997
2584 2998
2585 2999
2587 3000
2588 3002
2589 3003
2590 3004
2591 3005
2592 3006
2593 3007
2594 3008
2595 3009
2596 3010
2597 3011
2598 3012
2599 3013
2600 3015
2601 3016
2602 3017
2603 3018
2604 3019
2605 3020
2606 3022
2607 3023
2608 3024
2609 3025
2610 3026
2611 3028
2612 3029
2613 3030
2614 3031
2615 3032
2616 3033
2617 3034
2618 3035
2619 3036
2620 3037
2621 3038
2622 3040
2623 3041
2624 3042
2625 3043
2626 3045
2627 3046
2628 3047
2630 3048
2631 3049
2632 3050
2633 3051
2634 3052
2635 3054
2636 3055
2637 3056
2638 3057
2639 3058
2640 3059
2641 3060
2642 3061
2643 3062
2644 3063
2645 3064
2646 3066
2647 3068
2648 3069
2649 3070
2650 3071
2651 3072
2652 3073
2653 3074
2654 3075
2655 3076
2656 3077
2657 3078
2658 3079
2659 3081
2660 3082
2661 3083
2662 3084
2663 3086
2664 3087
2665 3088
2666 3089
2667 3090
2668 3091
2669 3092
2670 3093
2671 3095
2673 3096
2674 3097
2675 3098
2676 3099
2677 3100
2678 3101
2679 3102
2680 3104
2681 3105
2682 3106
2683 3107
2684 3109
2685 3110
2686 3111
2687 3112
2688 3113
2689 3114
2690 3115
2691 3116
2692 3117
2693 3118
2694 3119
2695 3121
2696 3123
2697 3124
2698 3125
2699 3126
2700 3127
2701 3128
2702 3129
2703 3130
2704 3131
2705 3132
2706 3133
2707 3134
2708 3135
2709 3138
2710 3139
2711 3140
2712 3141
2713 3142
2714 3143
2716 3144
2717 3145
2718 3146
2719 3147
2720 3148
2721 3149
2722 3150
2723 3153
2724 3154
2725 3155
2726 3156
2727 3157
2728 3158
2729 3159
2730 3160
2731 3161
2732 3162
2733 3163
2734 3164
2735 3165
2736 3168
2737 3169
2738 3170
2739 3171
2740 3172
2741 3173
2742 3174
2743 3175
2744 3176
2745 3177
2746 3178
2747 3179
2748 3180
2749 3183
2750 3184
2751 3185
2752 3186
2753 3187
2754 3188
2755 3189
2756 3190
2757 3191
2759 3192
2760 3193
2761 3195
2762 3196
2763 3198
2764 3199
2765 3200
2766 3201
2767 3202
2768 3203
2769 3204
2770 3205
2771 3206
2772 3207
2773 3209
2774 3210
2775 3211
2776 3212
2777 3214
2778 3215
2779 3216
2780 3217
2781 3218
2782 3219
2783 3221
2784 3222
2785 3223
2786 3224
2787 3225
2788 3226
2789 3227
2790 3229
2791 3230
2792 3231
2793 3232
2794 3234
2795 3235
2796 3236
2797 3237
2798 3238
2799 3239
2800 3240
2802 3241
2803 3242
2804 3243
2805 3246
2806 3247
2807 3248
2808 3249
2809 3250
2810 3251
2811 3252
2812 3253
2813 3254
2814 3255
2815 3257
2816 3258
2817 3259
2818 3260
2819 3261
2820 3263
2821 3264
2822 3265
2823 3266
2824 3268
2825 3269
2826 3270
2827 3271
2828 3272
2829 3273
2830 3274
2831 3275
2832 3276
2833 3277
2834 3280
2835 3281
2836 3282
2837 3283
2838 3284
2839 3285
2840 3286
2841 3287
2842 3288
2843 3290
2845 3291
2846 3292
2847 3293
2848 3294
2849 3295
2850 3297
2851 3298
2852 3300
2853 3301
2854 3302
2855 3303
2856 3304
2857 3305
2858 3306
2859 3307
2860 3308
2861 3310
2862 3311
2863 3312
2864 3313
2865 3315
2866 3316
2867 3317
2868 3318
2869 3320
2870 3321
2871 3322
2872 3323
2873 3324
2874 3325
2875 3326
2876 3327
2877 3328
2878 3330
2879 3331
2880 3332
2881 3334
2882 3335
2883 3336
2884 3337
2885 3339
2886 3340
2887 3341
2889 3342
2890 3343
2891 3344
2892 3345
2893 3346
2894 3347
2895 3349
2896 3350
2897 3351
2898 3353
2899 3354
2900 3355
2901 3356
2902 3358
2903 3359
2904 3360
2905 3361
2906 3362
2907 3363
2908 3364
2909 3365
2910 3367
2911 3368
2912 3369
2913 3370
2914 3372
2915 3373
2916 3374
2917 3376
2918 3377
2919 3378
2920 3379
2921 3380
2922 3381
2923 3382
2924 3384
2925 3385
2926 3386
2927 3387
2928 3388
2929 3389
2930 3390
2932 3393
2933 3394
2934 3395
2935 3396
2936 3397
2937 3398
2938 3399
2939 3401
2940 3402
2941 3403
2942 3404
2943 3405
2944 3406
2945 3407
2946 3409
2947 3410
2948 3411
2949 3413
2950 3414
2951 3415
2952 3416
2953 3418
2954 3419
2955 3420
2956 3421
2957 3422
2958 3423
2959 3424
2960 3426
2961 3427
2962 3428
2963 3429
2964 3430
2965 3431
2966 3434
2967 3435
2968 3436
2969 3437
2970 3438
2971 3439
2972 3441
2973 3442
2975 3443
2976 3444
2977 3445
2978 3446
2979 3447
2980 3449
2981 3450
2982 3451
2983 3452
2984 3453
2985 3456
2986 3457
2987 3458
2988 3459
2989 3460
2990 3461
2991 3462
2992 3464
2993 3465
2994 3466
2995 3467
2996 3468
2997 3469
2998 3471
2999 3472
3000 3473
3001 3474
3002 3475
3003 3476
3004 3479
3005 3480
3006 3481
3007 3482
3008 3483
3009 3485
3010 3486
3011 3487
3012 3488
3013 3489
3014 3490
3015 3491
3016 3493
3018 3494
3019 3495
3020 3496
3021 3497
3022 3498
3023 3500
3024 3502
3025 3503
3026 3504
3027 3506
3028 3507
3029 3508
3030 3509
3031 3510
3032 3511
3033 3513
3034 3514
3035 3515
3036 3516
3037 3517
3038 3518
3039 3520
3040 3521
3041 3522
3042 3523
3043 3524
3044 3527
3045 3528
3046 3529
3047 3530
3048 3531
3049 3533
3050 3534
3051 3535
3052 3536
3053 3537
3054 3538
3055 3540
3056 3541
3057 3542
3058 3543
3059 3544
3061 3546
3062 3547
3063 3548
3064 3549
3065 3550
3066 3553
3067 3554
3068 3555
3069 3556
3070 3557
3071 3559
3072 3560
3073 3561
3074 3562
3075 3563
3076 3565
3077 3566
3078 3567
3079 3568
3080 3569
3081 3570
3082 3572
3083 3573
3084 3574
3085 3575
3086 3576
3087 3578
3088 3580
3089 3581
3090 3582
3091 3584
3092 3585
3093 3586
3094 3587
3095 3588
3096 3590
3097 3591
3098 3592
3099 3593
3100 3594
3101 3596
3102 3597
3104 3598
3105 3599
3106 3600
3107 3602
3108 3603
3109 3604
3110 3605
3111 3608
3112 3609
3113 3610
3114 3611
3115 3612
3116 3614
3117 3615
3118 3616
3119 3617
3120 3619
3121 3620
3122 3621
3123 3622
3124 3623
3125 3625
3126 3626
3127 3627
3128 3628
3129 3629
3130 3631
3131 3632
3132 3633
3133 3634
3134 3636
3135 3638
3136 3639
3137 3640
3138 3642
3139 3643
3140 3644
3141 3645
3142 3646
3143 3648
3144 3649
3145 3650
3147 3651
3148 3653
3149 3654
3150 3655
3151 3656
3152 3657
3153 3659
3154 3660
3155 3661
3156 3662
3157 3664
3158 3665
3159 3666
3160 3667
3161 3669
3162 3671
3163 3672
3164 3673
3165 3675
3166 3676
3167 3677
3168 3678
3169 3680
3170 3681
3171 3682
3172 3683
3173 3685
3174 3686
3175 3687
3176 3688
3177 3689
3178 3691
3179 3692
3180 3693
3181 3694
3182 3696
3183 3697
3184 3698
3185 3699
3186 3701
3187 3702
3188 3704
3190 3706
3191 3707
3192 3708
3193 3709
3194 3711
3195 3712
3196 3713
3197 3714
3198 3716
3199 3717
3200 3718
3201 3719
3202 3721
3203 3722
3204 3723
3205 3724
3206 3726
3207 3727
3208 3728
3209 3729
3210 3731
3211 3732
3212 3733
3213 3734
3214 3736
3215 3737
3216 3738
3217 3739
3218 3742
3219 3743
3220 3744
3221 3746
3222 3747
3223 3748
3224 3749
3225 3751
3226 3752
3227 3753
3228 3754
3229 3756
3230 3757
3231 3758
3233 3759
3234 3761
3235 3762
3236 3763
3237 3765
3238 3766
3239 3767
3240 3768
3241 3770
3242 3771
3243 3772
3244 3773
3245 3775
3246 3776
3247 3777
3248 3778
3249 3780
3250 3781
3251 3784
3252 3785
3253 3786
3254 3787
3255 3789
3256 3790
3257 3791
3258 3792
3259 3794
3260 3795
3261 3796
3262 3798
3263 3799
3264 3800
3265 3801
3266 3803
3267 3804
3268 3805
3269 3807
3270 3808
3271 3809
3272 3810
3273 3812
3274 3813
3276 3814
3277 3816
3278 3817
3279 3818
3280 3819
3281 3821
3282 3822
3283 3823
3284 3825
3285 3826
3286 3827
3287 3830
3288 3831
3289 3832
3290 3834
3291 3835
3292 3836
3293 3837
3294 3839
3295 3840
3296 3841
3297 3843
3298 3844
3299 3845
3300 3847
3301 3848
3302 3849
3303 3850
3304 3852
3305 3853
3306 3854
3307 3856
3308 3857
3309 3858
3310 3860
3311 3861
3312 3862
3313 3864
3314 3865
3315 3866
3316 3867
3317 3869
3318 3870
3320 3871
3321 3873
3322 3874
3323 3875
3324 3877
3325 3878
3326 3879
3327 3882
3328 3883
3329 3884
3330 3886
3331 3887
3332 3888
3333 3890
3334 3891
3335 3892
3336 3894
3337 3895
3338 3896
3339 3898
3340 3899
3341 3900
3342 3902
3343 3903
3344 3904
3345 3906
3346 3907
3347 3908
3348 3910
3349 3911
3350 3912
3351 3914
3352 3915
3353 3916
3354 3918
3355 3919
3356 3920
3357 3922
3358 3923
3359 3924
3360 3926
3361 3927
3363 3928
3364 3930
3365 3931
3366 3932
3367 3934
3368 3935
3369 3936
3370 3938
3371 3939
3372 3940
3373 3942
3374 3943
3375 3944
3376 3947
3377 3948
3378 3950
3379 3951
3380 3952
3381 3954
3382 3955
3383 3956
3384 3958
3385 3959
3386 3960
3387 3962
3388 3963
3389 3964
3390 3966
3391 3967
3392 3969
3393 3970
3394 3971
3395 3973
3396 3974
3397 3975
3398 3977
3399 3978
3400 3979
3401 3981
3402 3982
3403 3983
3404 3985
3406 3986
3407 3988
3408 3989
3409 3990
3410 3992
3411 3993
3412 3994
3413 3996
3414 3997
3415 3998
3416 4000
3417 4001
3418 4003
3419 4004
3420 4005
3421 4007
3422 4008
3423 4009
3424 4011
3425 4012
3426 4013
3427 4015
3428 4016
3429 4018
3430 4019
3431 4020
3432 4022
3433 4023
3434 4024
3435 4026
3436 4027
3437 4029
3438 4030
3439 4033
3440 4034
3441 4036
3442 4037
3443 4038
3444 4040
3445 4041
3446 4042
3447 4044
3449 4045
3450 4047
3451 4048
3452 4049
3453 4051
3454 4052
3455 4054
3456 4055
3457 4056
3458 4058
3459 4059
3460 4061
3461 4062
3462 4063
3463 4065
3464 4066
3465 4068
3466 4069
3467 4070
3468 4072
3469 4073
3470 4075
3471 4076
3472 4077
3473 4079
3474 4080
3475 4082
3476 4083
3477 4084
3478 4086
3479 4087
3480 4089
3481 4090
3482 4091
3483 4093
3484 4094
3485 4096
3486 4097
3487 4098
3488 4100
3489 4101
3490 4103
3492 4104
3493 4105
3494 4107
3495 4108
3496 4110
3497 4111
3498 4113
3499 4114
3500 4115
3501 4117
3502 4118
3503 4120
3504 4121
3505 4123
3506 4124
3507 4125
3508 4127
3509 4128
3510 4130
3511 4131
3512 4133
3513 4134
3514 4135
3515 4137
3516 4138
3517 4140
3518 4141
3519 4143
3520 4144
3521 4145
3522 4147
3523 4148
3524 4150
3525 4151
3526 4153
3527 4154
3528 4155
3529 4157
3530 4158
3531 4160
3532 4161
3533 4163
3535 4164
3536 4166
3537 4167
3538 4168
3539 4170
3540 4171
3541 4173
3542 4174
3543 4176
3544 4177
3545 4179
3546 4180
3547 4181
3548 4183
3549 4184
3550 4186
3551 4187
3552 4189
3553 4190
3554 4192
3555 4193
3556 4195
3557 4196
3558 4198
3559 4199
3560 4200
3561 4202
3562 4203
3563 4205
3564 4206
3565 4208
3566 4209
3567 4211
3568 4212
3569 4214
3570 4215
3571 4217
3572 4218
3573 4219
3574 4221
3575 4222
3576 4224
3578 4225
3579 4227
3580 4228
3581 4230
3582 4231
3583 4233
3584 4234
3585 4236
3586 4237
3587 4239
3588 4240
3589 4242
3590 4243
3591 4245
3592 4246
3593 4248
3594 4249
3595 4251
3596 4252
3597 4254
3598 4255
3599 4257
3600 4258
3601 4259
3602 4261
3603 4262
3604 4264
3605 4265
3606 4267
3607 4268
3608 4270
3609 4271
3610 4273
3611 4274
3612 4276
3613 4277
3614 4279
3615 4280
3616 4282
3617 4283
3618 4285
3619 4286
3621 4288
3622 4289
3623 4291
3624 4292
3625 4294
3626 4296
3627 4297
3628 4299
3629 4300
3630 4302
3631 4303
3632 4305
3633 4306
3634 4308
3635 4309
3636 4311
3637 4312
3638 4314
3639 4315
3640 4317
3641 4318
3642 4320
3643 4321
3644 4323
3645 4324
3646 4326
3647 4327
3648 4329
3649 4330
3650 4332
3651 4333
3652 4335
3653 4337
3654 4338
3655 4340
3656 4341
3657 4343
3658 4344
3659 4346
3660 4347
3661 4349
3662 4350
3664 4352
3665 4353
3666 4355
3667 4357
3668 4358
3669 4360
3670 4361
3671 4363
3672 4364
3673 4366
3674 4367
3675 4369
3676 4370
3677 4372
3678 4374
3679 4375
3680 4377
3681 4378
3682 4380
3683 4381
3684 4383
3685 4384
3686 4386
3687 4388
3688 4389
3689 4391
3690 4392
3691 4394
3692 4395
3693 4397
3694 4398
3695 4400
3696 4402
3697 4403
3698 4405
3699 4405
3700 4405
3701 4405
3702 4405
3703 4405
3704 4405
3705 4405
3706 4405
3708 4405
3709 4405
3710 4405
3711 4405
3712 4405
3713 4405
3714 4405
3715 4405
3716 4405
3717 4405
3718 4405
3719 4405
3720 4405
3721 4405
3722 4405
3723 4405
3724 4405
3725 4405
3726 4405
3727 4405
3728 4405
3729 4405
3730 4405
3731 4405
3732 4405
3733 4405
3734 4405
3735 4405
3736 4405
3737 4405
3738 4405
3739 4405
3740 4405
3741 4405
3742 4405
3743 4405
3744 4405
3745 4405
3746 4405
3747 4405
3748 4405
3749 4405
3751 4405
3752 4405
3753 4405
3754 4405
3755 4405
3756 4405
3757 4405
3758 4405
3759 4405
3760 4405
3761 4405
3762 4405
3763 4405
3764 4405
3765 4405
3766 4405
3767 4405
3768 4405
3769 4405
3770 4405
3771 4405
3772 4405
3773 4405
3774 4405
3775 4405
3776 4405
3777 4405
3778 4405
3779 4405
3780 4405
3781 4405
3782 4405
3783 4405
3784 4405
3785 4405
3786 4405
3787 4405
3788 4405
3789 4405
3790 4405
3791 4405
3792 4405
3794 4405
3795 4405
3796 4405
3797 4405
3798 4405
3799 4405
3800 4405
3801 4405
3802 4405
3803 4405
3804 4405
3805 4405
3806 4405
3807 4405
3808 4405
3809 4405
3810 4405
3811 4405
3812 4405
3813 4405
3814 4405
3815 4405
3816 4405
3817 4405
3818 4405
3819 4405
3820 4405
3821 4405
3822 4405
3823 4405
3824 4405
3825 4405
3826 4405
3827 4405
3828 4405
3829 4405
3830 4405
3831 4405
3832 4405
3833 4405
3834 4405
3835 4405
3837 4405
3838 4405
3839 4405
3840 4405
3841 4405
3842 4405
3843 4405
3844 4405
3845 4405
3846 4405
3847 4405
3848 4405
3849 4405
3850 4405
3851 4405
3852 4405
3853 4405
3854 4405
3855 4405
3856 4405
3857 4405
3858 4405
3859 4405
3860 4405
3861 4405
3862 4405
3863 4405
3864 4405
3865 4405
3866 4405
3867 4405
3868 4405
3869 4405
3870 4405
3871 4405
3872 4405
3873 4405
3874 4405
3875 4405
3876 4405
3877 4405
3878 4405
3880 4405
3881 4405
3882 4405
3883 4405
3884 4405
3885 4405
3886 4405
3887 4405
3888 4405
3889 4405
3890 4405
3891 4405
3892 4405
3893 4405
3894 4405
3895 4405
3896 4405
3897 4405
3898 4405
3899 4405
3900 4405
3901 4405
3902 4405
3903 4405
3904 4405
3905 4405
3906 4405
3907 4405
3908 4405
3909 4405
3910 4405
3911 4405
3912 4405
3913 4405
3914 4405
3915 4405
3916 4405
3917 4405
3918 4405
3919 4405
3920 4405
3921 4405
3923 4405
3924 4405
3925 4405
3926 4405
3927 4405
3928 4405
3929 4405
3930 4405
3931 4405
3932 4405
3933 4405
3934 4405
3935 4405
3936 4405
3937 4405
3938 4405
3939 4405
3940 4405
3941 4405
3942 4405
3943 4405
3944 4405
3945 4405
3946 4405
3947 4405
3948 4405
3949 4405
3950 4405
3951 4405
3952 4405
3953 4405
3954 4405
3955 4405
3956 4405
3957 4405
3958 4405
3959 4405
3960 4405
3961 4405
3962 4405
3963 4405
3964 4405
3966 4405
3967 4405
3968 4405
3969 4405
3970 4405
3971 4405
3972 4405
3973 4405
3974 4405
3975 4405
3976 4405
3977 4405
3978 4405
3979 4405
3980 4405
3981 4405
3982 4405
3983 4405
3984 4405
3985 4405
3986 4405
3987 4405
3988 4405
3989 4405
3990 4405
3991 4405
3992 4405
3993 4405
3994 4405
3995 4405
3996 4405
3997 4405
3998 4405
3999 4405
4000 4405
4001 4405
4002 4405
4003 4405
4004 4405
4005 4405
4006 4405
4007 4405
4009 4405
4010 4405
4011 4405
4012 4405
