81 99
82 100
83 101
84 103
85 104
87 105
88 106
89 107
90 109
91 110
92 111
93 112
94 114
95 115
96 116
97 117
98 118
99 120
100 121
101 122
102 123
103 124
104 126
105 127
106 128
107 129
108 131
109 132
110 133
111 134
112 135
113 137
114 138
115 139
116 140
117 142
118 143
119 144
120 145
121 146
122 148
123 149
124 150
125 151
126 152
127 154
128 155
130 156
131 157
132 159
133 160
134 161
135 162
136 163
137 165
138 166
139 167
140 168
141 170
142 171
143 172
144 173
145 174
146 176
147 177
148 178
149 179
150 181
151 182
152 183
153 184
154 185
155 187
156 188
157 189
158 190
159 191
160 193
161 194
162 195
163 196
164 198
165 199
166 200
167 201
168 202
169 204
170 205
171 206
173 207
174 209
175 210
176 211
177 212
178 213
179 215
180 216
181 217
182 218
183 219
184 221
185 222
186 223
187 224
188 226
189 227
190 228
191 229
192 230
193 232
194 233
195 234
196 235
197 236
198 238
199 239
200 240
201 241
202 243
203 244
204 245
205 246
206 247
207 249
208 250
209 251
210 252
211 254
212 255
213 256
214 257
216 258
217 260
218 261
219 262
220 263
221 264
222 266
223 267
224 268
225 269
226 271
227 272
228 273
229 274
230 275
231 277
232 278
233 279
234 280
235 282
236 283
237 284
238 285
239 286
240 288
241 289
242 290
243 291
244 292
245 294
246 295
247 296
248 297
249 299
250 300
251 301
252 302
253 303
254 305
255 306
256 307
257 308
259 310
260 311
261 312
262 313
263 314
264 316
265 317
266 318
267 319
268 320
269 322
270 323
271 324
272 325
273 327
274 328
275 329
276 330
277 331
278 333
279 334
280 335
281 336
282 337
283 339
284 340
285 341
286 342
287 344
288 345
289 346
290 347
291 348
292 350
293 351
294 352
295 353
296 355
297 356
298 357
299 358
300 359
302 361
303 362
304 363
305 364
306 365
307 367
308 368
309 369
310 370
311 372
312 373
313 374
314 375
315 376
316 378
317 379
318 380
319 381
320 382
321 384
322 385
323 386
324 387
325 389
326 390
327 391
328 392
329 393
330 395
331 396
332 397
333 398
334 399
335 401
336 402
337 403
338 404
339 406
340 407
341 408
342 409
343 410
345 412
346 413
347 414
348 415
349 417
350 418
351 419
352 420
353 421
354 423
355 424
356 425
357 426
358 427
359 429
360 430
361 431
362 432
363 434
364 435
365 436
366 437
367 438
368 440
369 441
370 442
371 443
372 444
373 446
374 447
375 448
376 449
377 451
378 452
379 453
380 454
381 455
382 457
383 458
384 459
385 460
386 461
388 463
389 464
390 465
391 466
392 468
393 469
394 470
395 471
396 472
397 474
398 475
399 476
400 477
401 478
402 480
403 481
404 482
405 483
406 485
407 486
408 487
409 488
410 489
411 491
412 492
413 493
414 494
415 495
416 497
417 498
418 499
419 500
420 502
421 503
422 504
423 505
424 506
425 508
426 509
427 510
428 511
429 512
430 514
432 515
433 516
434 517
435 519
436 520
437 521
438 522
439 523
440 525
441 526
442 527
443 528
444 529
445 531
446 532
447 533
448 534
449 536
450 537
451 538
452 539
453 540
454 542
455 543
456 544
457 545
458 546
459 548
460 549
461 550
462 551
463 553
464 554
465 555
466 556
467 557
468 559
469 560
470 561
471 562
472 563
473 565
475 566
476 567
477 568
478 570
479 571
480 572
481 573
482 574
483 576
484 577
485 578
486 579
487 580
488 582
489 583
490 584
491 585
492 586
493 588
494 589
495 590
496 591
497 593
498 594
499 595
500 596
501 597
502 599
503 600
504 601
505 602
506 603
507 605
508 606
509 607
510 608
511 610
512 611
513 612
514 613
515 614
516 616
518 617
519 618
520 619
521 620
522 622
523 623
524 624
525 625
526 626
527 628
528 629
529 630
530 631
531 633
532 634
533 635
534 636
535 637
536 639
537 640
538 641
539 642
540 643
541 645
542 646
543 647
544 648
545 650
546 651
547 652
548 653
549 654
550 656
551 657
552 658
553 659
554 660
555 662
556 663
557 664
558 665
559 666
561 668
562 669
563 670
564 671
565 673
566 674
567 675
568 676
569 677
570 679
571 680
572 681
573 682
574 683
575 685
576 686
577 687
578 688
579 689
580 691
581 692
582 693
583 694
584 696
585 697
586 698
587 699
588 700
589 702
590 703
591 704
592 705
593 706
594 708
595 709
596 710
597 711
598 712
599 714
600 715
601 716
602 717
604 719
605 720
606 721
607 722
608 723
609 725
610 726
611 727
612 728
613 729
614 731
615 732
616 733
617 734
618 735
619 737
620 738
621 739
622 740
623 742
624 743
625 744
626 745
627 746
628 748
629 749
630 750
631 751
632 752
633 754
634 755
635 756
636 757
637 758
638 760
639 761
640 762
641 763
642 764
643 766
644 767
645 768
647 769
648 771
649 772
650 773
651 774
652 775
653 777
654 778
655 779
656 780
657 781
658 783
659 784
660 785
661 786
662 787
663 789
664 790
665 791
666 792
667 794
668 795
669 796
670 797
671 798
672 800
673 801
674 802
675 803
676 804
677 806
678 807
679 808
680 809
681 810
682 812
683 813
684 814
685 815
686 816
687 818
688 819
690 820
691 821
692 823
693 824
694 825
695 826
696 827
697 829
698 830
699 831
700 832
701 833
702 835
703 836
704 837
705 838
706 839
707 841
708 842
709 843
710 844
711 845
712 847
713 848
714 849
715 850
716 851
717 853
718 854
719 855
720 856
721 858
722 859
723 860
724 861
725 862
726 864
727 865
728 866
729 867
730 868
731 870
733 871
734 872
735 873
736 874
737 876
738 877
739 878
740 879
741 880
742 882
743 883
744 884
745 885
746 886
747 888
748 889
749 890
750 891
751 892
752 894
753 895
754 896
755 897
756 899
757 900
758 901
759 902
760 903
761 905
762 906
763 907
764 908
765 909
766 911
767 912
768 913
769 914
770 915
771 917
772 918
773 919
774 920
776 921
777 923
778 924
779 925
780 926
781 927
782 929
783 930
784 931
785 932
786 933
787 935
788 936
789 937
790 938
791 939
792 941
793 942
794 943
795 944
796 946
797 947
798 948
799 949
800 950
801 952
802 953
803 954
804 955
805 956
806 958
807 959
808 960
809 961
810 962
811 964
812 965
813 966
814 967
815 968
816 970
817 971
818 972
820 973
821 974
822 976
823 977
824 978
825 979
826 980
827 982
828 983
829 984
830 985
831 986
832 988
833 989
834 990
835 991
836 992
837 994
838 995
839 996
840 997
841 998
842 1000
843 1001
844 1002
845 1003
846 1004
847 1006
848 1007
849 1008
850 1009
851 1010
852 1012
853 1013
854 1014
855 1015
856 1017
857 1018
858 1019
859 1020
860 1021
861 1023
863 1024
864 1025
865 1026
866 1027
867 1029
868 1030
869 1031
870 1032
871 1033
872 1035
873 1036
874 1037
875 1038
876 1039
877 1041
878 1042
879 1043
880 1044
881 1045
882 1047
883 1048
884 1049
885 1050
886 1051
887 1053
888 1054
889 1055
890 1056
891 1057
892 1059
893 1060
894 1061
895 1062
896 1063
897 1065
898 1066
899 1067
900 1068
901 1069
902 1071
903 1072
904 1073
906 1074
907 1075
908 1077
909 1078
910 1079
911 1080
912 1081
913 1083
914 1084
915 1085
916 1086
917 1087
918 1089
919 1090
920 1091
921 1092
922 1093
923 1095
924 1096
925 1097
926 1098
927 1099
928 1101
929 1102
930 1103
931 1104
932 1105
933 1107
934 1108
935 1109
936 1110
937 1111
938 1113
939 1114
940 1115
941 1116
942 1117
943 1119
944 1120
945 1121
946 1122
947 1123
949 1125
950 1126
951 1127
952 1128
953 1129
954 1131
955 1132
956 1133
957 1134
958 1135
959 1137
960 1138
961 1139
962 1140
963 1141
964 1143
965 1144
966 1145
967 1146
968 1147
969 1149
970 1150
971 1151
972 1152
973 1153
974 1155
975 1156
976 1157
977 1158
978 1159
979 1160
980 1162
981 1163
982 1164
983 1165
984 1166
985 1168
986 1169
987 1170
988 1171
989 1172
990 1174
992 1175
993 1176
994 1177
995 1178
996 1180
997 1181
998 1182
999 1183
1000 1184
1001 1186
1002 1187
1003 1188
1004 1189
1005 1190
1006 1192
1007 1193
1008 1194
1009 1195
1010 1196
1011 1198
1012 1199
1013 1200
1014 1201
1015 1202
1016 1204
1017 1205
1018 1206
1019 1207
1020 1208
1021 1210
1022 1211
1023 1212
1024 1213
1025 1214
1026 1216
1027 1217
1028 1218
1029 1219
1030 1220
1031 1222
1032 1223
1033 1224
1035 1225
1036 1226
1037 1227
1038 1229
1039 1230
1040 1231
1041 1232
1042 1233
1043 1235
1044 1236
1045 1237
1046 1238
1047 1239
1048 1241
1049 1242
1050 1243
1051 1244
1052 1245
1053 1247
1054 1248
1055 1249
1056 1250
1057 1251
1058 1253
1059 1254
1060 1255
1061 1256
1062 1257
1063 1259
1064 1260
1065 1261
1066 1262
1067 1263
1068 1265
1069 1266
1070 1267
1071 1268
1072 1269
1073 1270
1074 1272
1075 1273
1076 1274
1078 1275
1079 1276
1080 1278
1081 1279
1082 1280
1083 1281
1084 1282
1085 1284
1086 1285
1087 1286
1088 1287
1089 1288
1090 1290
1091 1291
1092 1292
1093 1293
1094 1294
1095 1296
1096 1297
1097 1298
1098 1299
1099 1300
1100 1301
1101 1303
1102 1304
1103 1305
1104 1306
1105 1307
1106 1309
1107 1310
1108 1311
1109 1312
1110 1313
1111 1315
1112 1316
1113 1317
1114 1318
1115 1319
1116 1321
1117 1322
1118 1323
1119 1324
1121 1325
1122 1327
1123 1328
1124 1329
1125 1330
1126 1331
1127 1332
1128 1334
1129 1335
1130 1336
1131 1337
1132 1338
1133 1340
1134 1341
1135 1342
1136 1343
1137 1344
1138 1346
1139 1347
1140 1348
1141 1349
1142 1350
1143 1352
1144 1353
1145 1354
1146 1355
1147 1356
1148 1357
1149 1359
1150 1360
1151 1361
1152 1362
1153 1363
1154 1365
1155 1366
1156 1367
1157 1368
1158 1369
1159 1371
1160 1372
1161 1373
1162 1374
1164 1375
1165 1376
1166 1378
1167 1379
1168 1380
1169 1381
1170 1382
1171 1384
1172 1385
1173 1386
1174 1387
1175 1388
1176 1390
1177 1391
1178 1392
1179 1393
1180 1394
1181 1396
1182 1397
1183 1398
1184 1399
1185 1400
1186 1401
1187 1403
1188 1404
1189 1405
1190 1406
1191 1407
1192 1409
1193 1410
1194 1411
1195 1412
1196 1413
1197 1415
1198 1416
1199 1417
1200 1418
1201 1419
1202 1420
1203 1422
1204 1423
1205 1424
1207 1425
1208 1426
1209 1428
1210 1429
1211 1430
1212 1431
1213 1432
1214 1434
1215 1435
1216 1436
1217 1437
1218 1438
1219 1439
1220 1441
1221 1442
1222 1443
1223 1444
1224 1445
1225 1447
1226 1448
1227 1449
1228 1450
1229 1451
1230 1452
1231 1454
1232 1455
1233 1456
1234 1457
1235 1458
1236 1460
1237 1461
1238 1462
1239 1463
1240 1464
1241 1466
1242 1467
1243 1468
1244 1469
1245 1470
1246 1471
1247 1473
1248 1474
1249 1475
1251 1476
1252 1477
1253 1479
1254 1480
1255 1481
1256 1482
1257 1483
1258 1484
1259 1486
1260 1487
1261 1488
1262 1489
1263 1490
1264 1492
1265 1493
1266 1494
1267 1495
1268 1496
1269 1498
1270 1499
1271 1500
1272 1501
1273 1502
1274 1503
1275 1505
1276 1506
1277 1507
1278 1508
1279 1509
1280 1511
1281 1512
1282 1513
1283 1514
1284 1515
1285 1516
1286 1518
1287 1519
1288 1520
1289 1521
1290 1522
1291 1524
1292 1525
1294 1526
1295 1527
1296 1528
1297 1529
1298 1531
1299 1532
1300 1533
1301 1534
1302 1535
1303 1537
1304 1538
1305 1539
1306 1540
1307 1541
1308 1542
1309 1544
1310 1545
1311 1546
1312 1547
1313 1548
1314 1550
1315 1551
1316 1552
1317 1553
1318 1554
1319 1555
1320 1557
1321 1558
1322 1559
1323 1560
1324 1561
1325 1563
1326 1564
1327 1565
1328 1566
1329 1567
1330 1568
1331 1570
1332 1571
1333 1572
1334 1573
1335 1574
1337 1576
1338 1577
1339 1578
1340 1579
1341 1580
1342 1581
1343 1583
1344 1584
1345 1585
1346 1586
1347 1587
1348 1589
1349 1590
1350 1591
1351 1592
1352 1593
1353 1594
1354 1596
1355 1597
1356 1598
1357 1599
1358 1600
1359 1601
1360 1603
1361 1604
1362 1605
1363 1606
1364 1607
1365 1609
1366 1610
1367 1611
1368 1612
1369 1613
1370 1614
1371 1616
1372 1617
1373 1618
1374 1619
1375 1620
1376 1622
1377 1623
1378 1624
1380 1625
1381 1626
1382 1627
1383 1629
1384 1630
1385 1631
1386 1632
1387 1633
1388 1634
1389 1636
1390 1637
1391 1638
1392 1639
1393 1640
1394 1642
1395 1643
1396 1644
1397 1645
1398 1646
1399 1647
1400 1649
1401 1650
1402 1651
1403 1652
1404 1653
1405 1654
1406 1656
1407 1657
1408 1658
1409 1659
1410 1660
1411 1662
1412 1663
1413 1664
1414 1665
1415 1666
1416 1667
1417 1669
1418 1670
1419 1671
1420 1672
1421 1673
1423 1674
1424 1676
1425 1677
1426 1678
1427 1679
1428 1680
1429 1682
1430 1683
1431 1684
1432 1685
1433 1686
1434 1687
1435 1689
1436 1690
1437 1691
1438 1692
1439 1693
1440 1694
1441 1696
1442 1697
1443 1698
1444 1699
1445 1700
1446 1702
1447 1703
1448 1704
1449 1705
1450 1706
1451 1707
1452 1709
1453 1710
1454 1711
1455 1712
1456 1713
1457 1714
1458 1716
1459 1717
1460 1718
1461 1719
1462 1720
1463 1721
1464 1723
1466 1724
1467 1725
1468 1726
1469 1727
1470 1728
1471 1730
1472 1731
1473 1732
1474 1733
1475 1734
1476 1736
1477 1737
1478 1738
1479 1739
1480 1740
1481 1741
1482 1743
1483 1744
1484 1745
1485 1746
1486 1747
1487 1748
1488 1750
1489 1751
1490 1752
1491 1753
1492 1754
1493 1755
1494 1757
1495 1758
1496 1759
1497 1760
1498 1761
1499 1762
1500 1764
1501 1765
1502 1766
1503 1767
1504 1768
1505 1770
1506 1771
1507 1772
1509 1773
1510 1774
1511 1775
1512 1777
1513 1778
1514 1779
1515 1780
1516 1781
1517 1782
1518 1784
1519 1785
1520 1786
1521 1787
1522 1788
1523 1789
1524 1791
1525 1792
1526 1793
1527 1794
1528 1795
1529 1796
1530 1798
1531 1799
1532 1800
1533 1801
1534 1802
1535 1803
1536 1805
1537 1806
1538 1807
1539 1808
1540 1809
1541 1810
1542 1812
1543 1813
1544 1814
1545 1815
1546 1816
1547 1817
1548 1819
1549 1820
1550 1821
1552 1822
1553 1823
1554 1824
1555 1826
1556 1827
1557 1828
1558 1829
1559 1830
1560 1831
1561 1833
1562 1834
1563 1835
1564 1836
1565 1837
1566 1838
1567 1840
1568 1841
1569 1842
1570 1843
1571 1844
1572 1845
1573 1847
1574 1848
1575 1849
1576 1850
1577 1851
1578 1852
1579 1854
1580 1855
1581 1856
1582 1857
1583 1858
1584 1859
1585 1861
1586 1862
1587 1863
1588 1864
1589 1865
1590 1866
1591 1868
1592 1869
1593 1870
1595 1871
1596 1872
1597 1873
1598 1875
1599 1876
1600 1877
1601 1878
1602 1879
1603 1880
1604 1882
1605 1883
1606 1884
1607 1885
1608 1886
1609 1887
1610 1889
1611 1890
1612 1891
1613 1892
1614 1893
1615 1894
1616 1896
1617 1897
1618 1898
1619 1899
1620 1900
1621 1901
1622 1903
1623 1904
1624 1905
1625 1906
1626 1907
1627 1908
1628 1910
1629 1911
1630 1912
1631 1913
1632 1914
1633 1915
1634 1916
1635 1918
1636 1919
1637 1920
1639 1921
1640 1922
1641 1923
1642 1925
1643 1926
1644 1927
1645 1928
1646 1929
1647 1930
1648 1932
1649 1933
1650 1934
1651 1935
1652 1936
1653 1937
1654 1939
1655 1940
1656 1941
1657 1942
1658 1943
1659 1944
1660 1946
1661 1947
1662 1948
1663 1949
1664 1950
1665 1951
1666 1953
1667 1954
1668 1955
1669 1956
1670 1957
1671 1958
1672 1959
1673 1961
1674 1962
1675 1963
1676 1964
1677 1965
1678 1966
1679 1968
1680 1969
1682 1970
1683 1971
1684 1972
1685 1973
1686 1975
1687 1976
1688 1977
1689 1978
1690 1979
1691 1980
1692 1981
1693 1983
1694 1984
1695 1985
1696 1986
1697 1987
1698 1988
1699 1990
1700 1991
1701 1992
1702 1993
1703 1994
1704 1995
1705 1997
1706 1998
1707 1999
1708 2000
1709 2001
1710 2002
1711 2004
1712 2005
1713 2006
1714 2007
1715 2008
1716 2009
1717 2010
1718 2012
1719 2013
1720 2014
1721 2015
1722 2016
1723 2017
1725 2019
1726 2020
1727 2021
1728 2022
1729 2023
1730 2024
1731 2025
1732 2027
1733 2028
1734 2029
1735 2030
1736 2031
1737 2032
1738 2034
1739 2035
1740 2036
1741 2037
1742 2038
1743 2039
1744 2041
1745 2042
1746 2043
1747 2044
1748 2045
1749 2046
1750 2047
1751 2049
1752 2050
1753 2051
1754 2052
1755 2053
1756 2054
1757 2056
1758 2057
1759 2058
1760 2059
1761 2060
1762 2061
1763 2062
1764 2064
1765 2065
1766 2066
1768 2067
1769 2068
1770 2069
1771 2071
1772 2072
1773 2073
1774 2074
1775 2075
1776 2076
1777 2077
1778 2079
1779 2080
1780 2081
1781 2082
1782 2083
1783 2084
1784 2086
1785 2087
1786 2088
1787 2089
1788 2090
1789 2091
1790 2092
1791 2094
1792 2095
1793 2096
1794 2097
1795 2098
1796 2099
1797 2100
1798 2102
1799 2103
1800 2104
1801 2105
1802 2106
1803 2107
1804 2109
1805 2110
1806 2111
1807 2112
1808 2113
1809 2114
1811 2115
1812 2117
1813 2118
1814 2119
1815 2120
1816 2121
1817 2122
1818 2124
1819 2125
1820 2126
1821 2127
1822 2128
1823 2129
1824 2130
1825 2132
1826 2133
1827 2134
1828 2135
1829 2136
1830 2137
1831 2138
1832 2140
1833 2141
1834 2142
1835 2143
1836 2144
1837 2145
1838 2147
1839 2148
1840 2149
1841 2150
1842 2151
1843 2152
1844 2153
1845 2155
1846 2156
1847 2157
1848 2158
1849 2159
1850 2160
1851 2161
1852 2163
1854 2164
1855 2165
1856 2166
1857 2167
1858 2168
1859 2169
1860 2171
1861 2172
1862 2173
1863 2174
1864 2175
1865 2176
1866 2178
1867 2179
1868 2180
1869 2181
1870 2182
1871 2183
1872 2184
1873 2186
1874 2187
1875 2188
1876 2189
1877 2190
1878 2191
1879 2192
1880 2194
1881 2195
1882 2196
1883 2197
1884 2198
1885 2199
1886 2200
1887 2202
1888 2203
1889 2204
1890 2205
1891 2206
1892 2207
1893 2208
1894 2210
1895 2211
1897 2212
1898 2213
1899 2214
1900 2215
1901 2216
1902 2218
1903 2219
1904 2220
1905 2221
1906 2222
1907 2223
1908 2224
1909 2226
1910 2227
1911 2228
1912 2229
1913 2230
1914 2231
1915 2232
1916 2234
1917 2235
1918 2236
1919 2237
1920 2238
1921 2239
1922 2240
1923 2242
1924 2243
1925 2244
1926 2245
1927 2246
1928 2247
1929 2248
1930 2250
1931 2251
1932 2252
1933 2253
1934 2254
1935 2255
1936 2256
1937 2258
1938 2259
1940 2260
1941 2261
1942 2262
1943 2263
1944 2264
1945 2266
1946 2267
1947 2268
1948 2269
1949 2270
1950 2271
1951 2272
1952 2274
1953 2275
1954 2276
1955 2277
1956 2278
1957 2279
1958 2280
1959 2282
1960 2283
1961 2284
1962 2285
1963 2286
1964 2287
1965 2288
1966 2290
1967 2291
1968 2292
1969 2293
1970 2294
1971 2295
1972 2296
1973 2298
1974 2299
1975 2300
1976 2301
1977 2302
1978 2303
1979 2304
1980 2305
1981 2307
1983 2308
1984 2309
1985 2310
1986 2311
1987 2312
1988 2313
1989 2315
1990 2316
1991 2317
1992 2318
1993 2319
1994 2320
1995 2321
1996 2323
1997 2324
1998 2325
1999 2326
2000 2327
2001 2328
2002 2329
2003 2331
2004 2332
2005 2333
2006 2334
2007 2335
2008 2336
2009 2337
2010 2338
2011 2340
2012 2341
2013 2342
2014 2343
2015 2344
2016 2345
2017 2346
2018 2348
2019 2349
2020 2350
2021 2351
2022 2352
2023 2353
2024 2354
2026 2356
2027 2357
2028 2358
2029 2359
2030 2360
2031 2361
2032 2362
2033 2363
2034 2365
2035 2366
2036 2367
2037 2368
2038 2369
2039 2370
2040 2371
2041 2373
2042 2374
2043 2375
2044 2376
2045 2377
2046 2378
2047 2379
2048 2380
2049 2382
2050 2383
2051 2384
2052 2385
2053 2386
2054 2387
2055 2388
2056 2390
2057 2391
2058 2392
2059 2393
2060 2394
2061 2395
2062 2396
2063 2397
2064 2399
2065 2400
2066 2401
2067 2402
2068 2403
2070 2404
2071 2405
2072 2407
2073 2408
2074 2409
2075 2410
2076 2411
2077 2412
2078 2413
2079 2414
2080 2416
2081 2417
2082 2418
2083 2419
2084 2420
2085 2421
2086 2422
2087 2423
2088 2425
2089 2426
2090 2427
2091 2428
2092 2429
2093 2430
2094 2431
2095 2433
2096 2434
2097 2435
2098 2436
2099 2437
2100 2438
2101 2439
2102 2440
2103 2442
2104 2443
2105 2444
2106 2445
2107 2446
2108 2447
2109 2448
2110 2449
2111 2451
2113 2452
2114 2453
2115 2454
2116 2455
2117 2456
2118 2457
2119 2459
2120 2460
2121 2461
2122 2462
2123 2463
2124 2464
2125 2465
2126 2466
2127 2468
2128 2469
2129 2470
2130 2471
2131 2472
2132 2473
2133 2474
2134 2475
2135 2477
2136 2478
2137 2479
2138 2480
2139 2481
2140 2482
2141 2483
2142 2484
2143 2486
2144 2487
2145 2488
2146 2489
2147 2490
2148 2491
2149 2492
2150 2493
2151 2495
2152 2496
2153 2497
2154 2498
2156 2499
2157 2500
2158 2501
2159 2502
2160 2504
2161 2505
2162 2506
2163 2507
2164 2508
2165 2509
2166 2510
2167 2511
2168 2513
2169 2514
2170 2515
2171 2516
2172 2517
2173 2518
2174 2519
2175 2520
2176 2522
2177 2523
2178 2524
2179 2525
2180 2526
2181 2527
2182 2528
2183 2529
2184 2531
2185 2532
2186 2533
2187 2534
2188 2535
2189 2536
2190 2537
2191 2538
2192 2540
2193 2541
2194 2542
2195 2543
2196 2544
2197 2545
2199 2546
2200 2547
2201 2548
2202 2550
2203 2551
2204 2552
2205 2553
2206 2554
2207 2555
2208 2556
2209 2557
2210 2559
2211 2560
2212 2561
2213 2562
2214 2563
2215 2564
2216 2565
2217 2566
2218 2568
2219 2569
2220 2570
2221 2571
2222 2572
2223 2573
2224 2574
2225 2575
2226 2577
2227 2578
2228 2579
2229 2580
2230 2581
2231 2582
2232 2583
2233 2584
2234 2585
2235 2587
2236 2588
2237 2589
2238 2590
2239 2591
2240 2592
2242 2593
2243 2594
2244 2596
2245 2597
2246 2598
2247 2599
2248 2600
2249 2601
2250 2602
2251 2603
2252 2604
2253 2606
2254 2607
2255 2608
2256 2609
2257 2610
2258 2611
2259 2612
2260 2613
2261 2615
2262 2616
2263 2617
2264 2618
2265 2619
2266 2620
2267 2621
2268 2622
2269 2623
2270 2625
2271 2626
2272 2627
2273 2628
2274 2629
2275 2630
2276 2631
2277 2632
2278 2634
2279 2635
2280 2636
2281 2637
2282 2638
2283 2639
2285 2640
2286 2641
2287 2642
2288 2644
2289 2645
2290 2646
2291 2647
2292 2648
2293 2649
2294 2650
2295 2651
2296 2652
2297 2654
2298 2655
2299 2656
2300 2657
2301 2658
2302 2659
2303 2660
2304 2661
2305 2662
2306 2664
2307 2665
2308 2666
2309 2667
2310 2668
2311 2669
2312 2670
2313 2671
2314 2672
2315 2674
2316 2675
2317 2676
2318 2677
2319 2678
2320 2679
2321 2680
2322 2681
2323 2683
2324 2684
2325 2685
2326 2686
2328 2687
2329 2688
2330 2689
2331 2690
2332 2691
2333 2693
2334 2694
2335 2695
2336 2696
2337 2697
2338 2698
2339 2699
2340 2700
2341 2701
2342 2703
2343 2704
2344 2705
2345 2706
2346 2707
2347 2708
2348 2709
2349 2710
2350 2711
2351 2712
2352 2714
2353 2715
2354 2716
2355 2717
2356 2718
2357 2719
2358 2720
2359 2721
2360 2722
2361 2724
2362 2725
2363 2726
2364 2727
2365 2728
2366 2729
2367 2730
2368 2731
2369 2732
2371 2734
2372 2735
2373 2736
2374 2737
2375 2738
2376 2739
2377 2740
2378 2741
2379 2742
2380 2744
2381 2745
2382 2746
2383 2747
2384 2748
2385 2749
2386 2750
2387 2751
2388 2752
2389 2753
2390 2755
2391 2756
2392 2757
2393 2758
2394 2759
2395 2760
2396 2761
2397 2762
2398 2763
2399 2765
2400 2766
2401 2767
2402 2768
2403 2769
2404 2770
2405 2771
2406 2772
2407 2773
2408 2774
2409 2776
2410 2777
2411 2778
2412 2779
2414 2780
2415 2781
2416 2782
2417 2783
2418 2784
2419 2786
2420 2787
2421 2788
2422 2789
2423 2790
2424 2791
2425 2792
2426 2793
2427 2794
2428 2795
2429 2797
2430 2798
2431 2799
2432 2800
2433 2801
2434 2802
2435 2803
2436 2804
2437 2805
2438 2807
2439 2808
2440 2809
2441 2810
2442 2811
2443 2812
2444 2813
2445 2814
2446 2815
2447 2816
2448 2818
2449 2819
2450 2820
2451 2821
2452 2822
2453 2823
2454 2824
2455 2825
2457 2826
2458 2827
2459 2829
2460 2830
2461 2831
2462 2832
2463 2833
2464 2834
2465 2835
2466 2836
2467 2837
2468 2838
2469 2840
2470 2841
2471 2842
2472 2843
2473 2844
2474 2845
2475 2846
2476 2847
2477 2848
2478 2849
2479 2851
2480 2852
2481 2853
2482 2854
2483 2855
2484 2856
2485 2857
2486 2858
2487 2859
2488 2860
2489 2862
2490 2863
2491 2864
2492 2865
2493 2866
2494 2867
2495 2868
2496 2869
2497 2870
2498 2871
2499 2872
2501 2874
2502 2875
2503 2876
2504 2877
2505 2878
2506 2879
2507 2880
2508 2881
2509 2882
2510 2883
2511 2885
2512 2886
2513 2887
2514 2888
2515 2889
2516 2890
2517 2891
2518 2892
2519 2893
2520 2894
2521 2896
2522 2897
2523 2898
2524 2899
2525 2900
2526 2901
2527 2902
2528 2903
2529 2904
2530 2905
2531 2906
2532 2908
2533 2909
2534 2910
2535 2911
2536 2912
2537 2913
2538 2914
2539 2915
2540 2916
2541 2917
2542 2918
2544 2920
2545 2921
2546 2922
2547 2923
2548 2924
2549 2925
2550 2926
2551 2927
2552 2928
2553 2929
2554 2931
2555 2932
2556 2933
2557 2934
2558 2935
2559 2936
2560 2937
2561 2938
2562 2939
2563 2940
2564 2941
2565 2943
2566 2944
2567 2945
2568 2946
2569 2947
2570 2948
2571 2949
2572 2950
2573 2951
2574 2952
2575 2953
2576 2955
2577 2956
2578 2957
2579 2958
2580 2959
2581 2960
2582 2961
2583 2962
2584 2963
2585 2964
2587 2965
2588 2967
2589 2968
2590 2969
2591 2970
2592 2971
2593 2972
2594 2973
2595 2974
2596 2975
2597 2976
2598 2977
2599 2978
2600 2980
2601 2981
2602 2982
2603 2983
2604 2984
2605 2985
2606 2986
2607 2987
2608 2988
2609 2989
2610 2990
2611 2992
2612 2993
2613 2994
2614 2995
2615 2996
2616 2997
2617 2998
2618 2999
2619 3000
2620 3001
2621 3002
2622 3004
2623 3005
2624 3006
2625 3007
2626 3008
2627 3009
2628 3010
2630 3011
2631 3012
2632 3013
2633 3014
2634 3015
2635 3017
2636 3018
2637 3019
2638 3020
2639 3021
2640 3022
2641 3023
2642 3024
2643 3025
2644 3026
2645 3027
2646 3028
2647 3030
2648 3031
2649 3032
2650 3033
2651 3034
2652 3035
2653 3036
2654 3037
2655 3038
2656 3039
2657 3040
2658 3041
2659 3043
2660 3044
2661 3045
2662 3046
2663 3047
2664 3048
2665 3049
2666 3050
2667 3051
2668 3052
2669 3053
2670 3054
2671 3056
2673 3057
2674 3058
2675 3059
2676 3060
2677 3061
2678 3062
2679 3063
2680 3064
2681 3065
2682 3066
2683 3067
2684 3069
2685 3070
2686 3071
2687 3072
2688 3073
2689 3074
2690 3075
2691 3076
2692 3077
2693 3078
2694 3079
2695 3080
2696 3082
2697 3083
2698 3084
2699 3085
2700 3086
2701 3087
2702 3088
2703 3089
2704 3090
2705 3091
2706 3092
2707 3093
2708 3094
2709 3096
2710 3097
2711 3098
2712 3099
2713 3100
2714 3101
2716 3102
2717 3103
2718 3104
2719 3105
2720 3106
2721 3107
2722 3108
2723 3110
2724 3111
2725 3112
2726 3113
2727 3114
2728 3115
2729 3116
2730 3117
2731 3118
2732 3119
2733 3120
2734 3121
2735 3122
2736 3124
2737 3125
2738 3126
2739 3127
2740 3128
2741 3129
2742 3130
2743 3131
2744 3132
2745 3133
2746 3134
2747 3135
2748 3136
2749 3138
2750 3139
2751 3140
2752 3141
2753 3142
2754 3143
2755 3144
2756 3145
2757 3146
2759 3147
2760 3148
2761 3149
2762 3150
2763 3152
2764 3153
2765 3154
2766 3155
2767 3156
2768 3157
2769 3158
2770 3159
2771 3160
2772 3161
2773 3162
2774 3163
2775 3164
2776 3165
2777 3167
2778 3168
2779 3169
2780 3170
2781 3171
2782 3172
2783 3173
2784 3174
2785 3175
2786 3176
2787 3177
2788 3178
2789 3179
2790 3181
2791 3182
2792 3183
2793 3184
2794 3185
2795 3186
2796 3187
2797 3188
2798 3189
2799 3190
2800 3191
2802 3192
2803 3193
2804 3194
2805 3196
2806 3197
2807 3198
2808 3199
2809 3200
2810 3201
2811 3202
2812 3203
2813 3204
2814 3205
2815 3206
2816 3207
2817 3208
2818 3209
2819 3210
2820 3212
2821 3213
2822 3214
2823 3215
2824 3216
2825 3217
2826 3218
2827 3219
2828 3220
2829 3221
2830 3222
2831 3223
2832 3224
2833 3225
2834 3227
2835 3228
2836 3229
2837 3230
2838 3231
2839 3232
2840 3233
2841 3234
2842 3235
2843 3236
2845 3237
2846 3238
2847 3239
2848 3240
2849 3241
2850 3243
2851 3244
2852 3245
2853 3246
2854 3247
2855 3248
2856 3249
2857 3250
2858 3251
2859 3252
2860 3253
2861 3254
2862 3255
2863 3256
2864 3257
2865 3259
2866 3260
2867 3261
2868 3262
2869 3263
2870 3264
2871 3265
2872 3266
2873 3267
2874 3268
2875 3269
2876 3270
2877 3271
2878 3272
2879 3273
2880 3274
2881 3276
2882 3277
2883 3278
2884 3279
2885 3280
2886 3281
2887 3282
2889 3283
2890 3284
2891 3285
2892 3286
2893 3287
2894 3288
2895 3289
2896 3290
2897 3291
2898 3293
2899 3294
2900 3295
2901 3296
2902 3297
2903 3298
2904 3299
2905 3300
2906 3301
2907 3302
2908 3303
2909 3304
2910 3305
2911 3306
2912 3307
2913 3308
2914 3310
2915 3311
2916 3312
2917 3313
2918 3314
2919 3315
2920 3316
2921 3317
2922 3318
2923 3319
2924 3320
2925 3321
2926 3322
2927 3323
2928 3324
2929 3325
2930 3326
2932 3328
2933 3329
2934 3330
2935 3331
2936 3332
2937 3333
2938 3334
2939 3335
2940 3336
2941 3337
2942 3338
2943 3339
2944 3340
2945 3341
2946 3342
2947 3343
2948 3344
2949 3346
2950 3347
2951 3348
2952 3349
2953 3350
2954 3351
2955 3352
2956 3353
2957 3354
2958 3355
2959 3356
2960 3357
2961 3358
2962 3359
2963 3360
2964 3361
2965 3362
2966 3364
2967 3365
2968 3366
2969 3367
2970 3368
2971 3369
2972 3370
2973 3371
2975 3372
2976 3373
2977 3374
2978 3375
2979 3376
2980 3377
2981 3378
2982 3379
2983 3380
2984 3381
2985 3383
2986 3384
2987 3385
2988 3386
2989 3387
2990 3388
2991 3389
2992 3390
2993 3391
2994 3392
2995 3393
2996 3394
2997 3395
2998 3396
2999 3397
3000 3398
3001 3399
3002 3400
3003 3401
3004 3403
3005 3404
3006 3405
3007 3406
3008 3407
3009 3408
3010 3409
3011 3410
3012 3411
3013 3412
3014 3413
3015 3414
3016 3415
3018 3416
3019 3417
3020 3418
3021 3419
3022 3420
3023 3421
3024 3423
3025 3424
3026 3425
3027 3426
3028 3427
3029 3428
3030 3429
3031 3430
3032 3431
3033 3432
3034 3433
3035 3434
3036 3435
3037 3436
3038 3437
3039 3438
3040 3439
3041 3440
3042 3441
3043 3442
3044 3444
3045 3445
3046 3446
3047 3447
3048 3448
3049 3449
3050 3450
3051 3451
3052 3452
3053 3453
3054 3454
3055 3455
3056 3456
3057 3457
3058 3458
3059 3459
3061 3460
3062 3461
3063 3462
3064 3463
3065 3464
3066 3466
3067 3467
3068 3468
3069 3469
3070 3470
3071 3471
3072 3472
3073 3473
3074 3474
3075 3475
3076 3476
3077 3477
3078 3478
3079 3479
3080 3480
3081 3481
3082 3482
3083 3483
3084 3484
3085 3485
3086 3486
3087 3487
3088 3489
3089 3490
3090 3491
3091 3492
3092 3493
3093 3494
3094 3495
3095 3496
3096 3497
3097 3498
3098 3499
3099 3500
3100 3501
3101 3502
3102 3503
3104 3504
3105 3505
3106 3506
3107 3507
3108 3508
3109 3509
3110 3510
3111 3512
3112 3513
3113 3514
3114 3515
3115 3516
3116 3517
3117 3518
3118 3519
3119 3520
3120 3521
3121 3522
3122 3523
3123 3524
3124 3525
3125 3526
3126 3527
3127 3528
3128 3529
3129 3530
3130 3531
3131 3532
3132 3533
3133 3534
3134 3535
3135 3537
3136 3538
3137 3539
3138 3540
3139 3541
3140 3542
3141 3543
3142 3544
3143 3545
3144 3546
3145 3547
3147 3548
3148 3549
3149 3550
3150 3551
3151 3552
3152 3553
3153 3554
3154 3555
3155 3556
3156 3557
3157 3558
3158 3559
3159 3560
3160 3561
3161 3562
3162 3564
3163 3565
3164 3566
3165 3567
3166 3568
3167 3569
3168 3570
3169 3571
3170 3572
3171 3573
3172 3574
3173 3575
3174 3576
3175 3577
3176 3578
3177 3579
3178 3580
3179 3581
3180 3582
3181 3583
3182 3584
3183 3585
3184 3586
3185 3587
3186 3588
3187 3589
3188 3591
3190 3592
3191 3593
3192 3594
3193 3595
3194 3596
3195 3597
3196 3598
3197 3599
3198 3600
3199 3601
3200 3602
3201 3603
3202 3604
3203 3605
3204 3606
3205 3607
3206 3608
3207 3609
3208 3610
3209 3611
3210 3612
3211 3613
3212 3614
3213 3615
3214 3616
3215 3617
3216 3618
3217 3619
3218 3621
3219 3622
3220 3623
3221 3624
3222 3625
3223 3626
3224 3627
3225 3628
3226 3629
3227 3630
3228 3631
3229 3632
3230 3633
3231 3634
3233 3635
3234 3636
3235 3637
3236 3638
3237 3639
3238 3640
3239 3641
3240 3642
3241 3643
3242 3644
3243 3645
3244 3646
3245 3647
3246 3648
3247 3649
3248 3650
3249 3651
3250 3652
3251 3654
3252 3655
3253 3656
3254 3657
3255 3658
3256 3659
3257 3660
3258 3661
3259 3662
3260 3663
3261 3664
3262 3665
3263 3666
3264 3667
3265 3668
3266 3669
3267 3670
3268 3671
3269 3672
3270 3673
3271 3674
3272 3675
3273 3676
3274 3677
3276 3678
3277 3679
3278 3680
3279 3681
3280 3682
3281 3683
3282 3684
3283 3685
3284 3686
3285 3687
3286 3688
3287 3690
3288 3691
3289 3692
3290 3693
3291 3694
3292 3695
3293 3696
3294 3697
3295 3698
3296 3699
3297 3700
3298 3701
3299 3702
3300 3703
3301 3704
3302 3705
3303 3706
3304 3707
3305 3708
3306 3709
3307 3710
3308 3711
3309 3712
3310 3713
3311 3714
3312 3715
3313 3716
3314 3717
3315 3718
3316 3719
3317 3720
3318 3721
3320 3722
3321 3723
3322 3724
3323 3725
3324 3726
3325 3727
3326 3728
3327 3730
3328 3731
3329 3732
3330 3733
3331 3734
3332 3735
3333 3736
3334 3737
3335 3738
3336 3739
3337 3740
3338 3741
3339 3742
3340 3743
3341 3744
3342 3745
3343 3746
3344 3747
3345 3748
3346 3749
3347 3750
3348 3751
3349 3752
3350 3753
3351 3754
3352 3755
3353 3756
3354 3757
3355 3758
3356 3759
3357 3760
3358 3761
3359 3762
3360 3763
3361 3764
3363 3765
3364 3766
3365 3767
3366 3768
3367 3769
3368 3770
3369 3771
3370 3772
3371 3773
3372 3774
3373 3775
3374 3776
3375 3777
3376 3779
3377 3780
3378 3781
3379 3782
3380 3783
3381 3784
3382 3785
3383 3786
3384 3787
3385 3788
3386 3789
3387 3790
3388 3791
3389 3792
3390 3793
3391 3794
3392 3795
3393 3796
3394 3797
3395 3798
3396 3799
3397 3800
3398 3801
3399 3802
3400 3803
3401 3804
3402 3805
3403 3806
3404 3807
3406 3808
3407 3809
3408 3810
3409 3811
3410 3812
3411 3813
3412 3814
3413 3815
3414 3816
3415 3817
3416 3818
3417 3819
3418 3820
3419 3821
3420 3822
3421 3823
3422 3824
3423 3825
3424 3826
3425 3827
3426 3828
3427 3829
3428 3830
3429 3831
3430 3832
3431 3833
3432 3834
3433 3835
3434 3836
3435 3837
3436 3838
3437 3839
3438 3840
3439 3842
3440 3843
3441 3844
3442 3845
3443 3846
3444 3847
3445 3848
3446 3849
3447 3850
3449 3851
3450 3852
3451 3853
3452 3854
3453 3855
3454 3856
3455 3857
3456 3858
3457 3859
3458 3860
3459 3861
3460 3862
3461 3863
3462 3864
3463 3865
3464 3866
3465 3867
3466 3868
3467 3869
3468 3870
3469 3871
3470 3872
3471 3873
3472 3874
3473 3875
3474 3876
3475 3877
3476 3878
3477 3879
3478 3880
3479 3881
3480 3882
3481 3883
3482 3884
3483 3885
3484 3886
3485 3887
3486 3888
3487 3889
3488 3890
3489 3891
3490 3892
3492 3893
3493 3894
3494 3895
3495 3896
3496 3897
3497 3898
3498 3899
3499 3900
3500 3901
3501 3902
3502 3903
3503 3904
3504 3905
3505 3906
3506 3907
3507 3908
3508 3909
3509 3910
3510 3911
3511 3912
3512 3913
3513 3914
3514 3915
3515 3916
3516 3917
3517 3918
3518 3919
3519 3920
3520 3921
3521 3922
3522 3923
3523 3924
3524 3925
3525 3926
3526 3927
3527 3928
3528 3929
3529 3930
3530 3931
3531 3932
3532 3933
3533 3934
3535 3935
3536 3936
3537 3937
3538 3938
3539 3939
3540 3940
3541 3941
3542 3942
3543 3943
3544 3944
3545 3945
3546 3946
3547 3947
3548 3948
3549 3949
3550 3950
3551 3951
3552 3952
3553 3953
3554 3954
3555 3955
3556 3956
3557 3957
3558 3958
3559 3959
3560 3960
3561 3961
3562 3962
3563 3963
3564 3964
3565 3965
3566 3966
3567 3967
3568 3968
3569 3969
3570 3970
3571 3971
3572 3972
3573 3973
3574 3974
3575 3975
3576 3976
3578 3977
3579 3978
3580 3979
3581 3980
3582 3981
3583 3982
3584 3983
3585 3984
3586 3985
3587 3986
3588 3987
3589 3988
3590 3989
3591 3990
3592 3991
3593 3992
3594 3993
3595 3994
3596 3995
3597 3996
3598 3997
3599 3998
3600 3999
3601 4000
3602 4001
3603 4002
3604 4003
3605 4004
3606 4005
3607 4006
3608 4007
3609 4008
3610 4009
3611 4010
3612 4011
3613 4012
3614 4013
3615 4014
3616 4015
3617 4016
3618 4017
3619 4018
3621 4019
3622 4020
3623 4021
3624 4022
3625 4023
3626 4024
3627 4025
3628 4026
3629 4027
3630 4028
3631 4029
3632 4030
3633 4031
3634 4032
3635 4033
3636 4034
3637 4035
3638 4036
3639 4037
3640 4038
3641 4039
3642 4040
3643 4041
3644 4042
3645 4043
3646 4044
3647 4045
3648 4046
3649 4047
3650 4048
3651 4049
3652 4050
3653 4051
3654 4052
3655 4053
3656 4054
3657 4055
3658 4056
3659 4057
3660 4058
3661 4059
3662 4060
3664 4061
3665 4062
3666 4063
3667 4064
3668 4065
3669 4066
3670 4067
3671 4068
3672 4069
3673 4070
3674 4071
3675 4072
3676 4073
3677 4074
3678 4075
3679 4076
3680 4077
3681 4078
3682 4079
3683 4080
3684 4081
3685 4082
3686 4083
3687 4084
3688 4085
3689 4086
3690 4087
3691 4088
3692 4089
3693 4090
3694 4091
3695 4092
3696 4093
3697 4094
3698 4095
3699 4095
3700 4095
3701 4095
3702 4095
3703 4095
3704 4095
3705 4095
3706 4095
3708 4095
3709 4095
3710 4095
3711 4095
3712 4095
3713 4095
3714 4095
3715 4095
3716 4095
3717 4095
3718 4095
3719 4095
3720 4095
3721 4095
3722 4095
3723 4095
3724 4095
3725 4095
3726 4095
3727 4095
3728 4095
3729 4095
3730 4095
3731 4095
3732 4095
3733 4095
3734 4095
3735 4095
3736 4095
3737 4095
3738 4095
3739 4095
3740 4095
3741 4095
3742 4095
3743 4095
3744 4095
3745 4095
3746 4095
3747 4095
3748 4095
3749 4095
3751 4095
3752 4095
3753 4095
3754 4095
3755 4095
3756 4095
3757 4095
3758 4095
3759 4095
3760 4095
3761 4095
3762 4095
3763 4095
3764 4095
3765 4095
3766 4095
3767 4095
3768 4095
3769 4095
3770 4095
3771 4095
3772 4095
3773 4095
3774 4095
3775 4095
3776 4095
3777 4095
3778 4095
3779 4095
3780 4095
3781 4095
3782 4095
3783 4095
3784 4095
3785 4095
3786 4095
3787 4095
3788 4095
3789 4095
3790 4095
3791 4095
3792 4095
3794 4095
3795 4095
3796 4095
3797 4095
3798 4095
3799 4095
3800 4095
3801 4095
3802 4095
3803 4095
3804 4095
3805 4095
3806 4095
3807 4095
3808 4095
3809 4095
3810 4095
3811 4095
3812 4095
3813 4095
3814 4095
3815 4095
3816 4095
3817 4095
3818 4095
3819 4095
3820 4095
3821 4095
3822 4095
3823 4095
3824 4095
3825 4095
3826 4095
3827 4095
3828 4095
3829 4095
3830 4095
3831 4095
3832 4095
3833 4095
3834 4095
3835 4095
3837 4095
3838 4095
3839 4095
3840 4095
3841 4095
3842 4095
3843 4095
3844 4095
3845 4095
3846 4095
3847 4095
3848 4095
3849 4095
3850 4095
3851 4095
3852 4095
3853 4095
3854 4095
3855 4095
3856 4095
3857 4095
3858 4095
3859 4095
3860 4095
3861 4095
3862 4095
3863 4095
3864 4095
3865 4095
3866 4095
3867 4095
3868 4095
3869 4095
3870 4095
3871 4095
3872 4095
3873 4095
3874 4095
3875 4095
3876 4095
3877 4095
3878 4095
3880 4095
3881 4095
3882 4095
3883 4095
3884 4095
3885 4095
3886 4095
3887 4095
3888 4095
3889 4095
3890 4095
3891 4095
3892 4095
3893 4095
3894 4095
3895 4095
3896 4095
3897 4095
3898 4095
3899 4095
3900 4095
3901 4095
3902 4095
3903 4095
3904 4095
3905 4095
3906 4095
3907 4095
3908 4095
3909 4095
3910 4095
3911 4095
3912 4095
3913 4095
3914 4095
3915 4095
3916 4095
3917 4095
3918 4095
3919 4095
3920 4095
3921 4095
3923 4095
3924 4095
3925 4095
3926 4095
3927 4095
3928 4095
3929 4095
3930 4095
3931 4095
3932 4095
3933 4095
3934 4095
3935 4095
3936 4095
3937 4095
3938 4095
3939 4095
3940 4095
3941 4095
3942 4095
3943 4095
3944 4095
3945 4095
3946 4095
3947 4095
3948 4095
3949 4095
3950 4095
3951 4095
3952 4095
3953 4095
3954 4095
3955 4095
3956 4095
3957 4095
3958 4095
3959 4095
3960 4095
3961 4095
3962 4095
3963 4095
3964 4095
3966 4095
3967 4095
3968 4095
3969 4095
3970 4095
3971 4095
3972 4095
3973 4095
3974 4095
3975 4095
3976 4095
3977 4095
3978 4095
3979 4095
3980 4095
3981 4095
3982 4095
3983 4095
3984 4095
3985 4095
3986 4095
3987 4095
3988 4095
3989 4095
3990 4095
3991 4095
3992 4095
3993 4095
3994 4095
3995 4095
3996 4095
3997 4095
3998 4095
3999 4095
4000 4095
4001 4095
4002 4095
4003 4095
4004 4095
4005 4095
4006 4095
4007 4095
4009 4095
4010 4095
4011 4095
4012 4095
