0 T01_01.jpg 107.259775390625 78.289482421875 72.28276041666666 77.19161783854166 104.02690755208333 79.187626953125 76.02126627604167 83.102646484375 103.29858072916667 77.074345703125 77.73497721354167 84.358291015625 
1 T01_02.jpg 107.17093098958334 77.58680338541667 75.92596028645833 90.18648111979167 107.81291341145834 80.04703776041667 78.99937174479167 88.25960611979167 105.42096028645834 79.85097981770834 80.58543294270834 88.45409830729167 
2 T01_03.jpg 79.3879296875 57.3745703125 64.81236002604167 98.12265625 81.71336588541666 63.245266927083335 70.70390950520833 99.52039388020833 85.133427734375 67.30888671875 72.66158203125 99.72537434895834 
3 T01_04.jpg 111.19279622395834 69.03153971354166 68.23095052083333 87.66342122395834 108.784560546875 73.698662109375 73.86325520833333 89.322900390625 106.529501953125 74.64074869791666 74.78313151041667 89.054423828125 
4 T01_05.jpg 86.239208984375 102.67374348958333 58.92694010416667 63.442600911458335 88.30673177083334 102.14618489583333 65.96731119791667 67.77327473958333 88.69809895833333 100.38110026041667 68.356279296875 72.48516927083334 
5 T01_06.jpg 62.560712890625 68.26602864583333 107.58357747395833 66.99677408854167 70.78966796875 73.67592122395833 108.55669596354167 72.79804036458333 74.422236328125 75.85420247395834 106.12380208333333 77.53019205729167 
6 T01_07.jpg 71.83757486979167 60.396953125 61.003623046875 100.65830078125 75.53926106770834 66.28681966145834 65.6656640625 100.178408203125 77.92255859375 70.136591796875 68.51734700520834 99.928046875 
7 T01_08.jpg 87.60224283854167 74.54121419270834 56.894261067708335 54.93917317708333 87.015947265625 81.30169270833333 63.119345703125 63.16257486979167 90.14484700520833 84.29137044270833 67.48841471354167 67.51400390625 
8 T01_09.jpg 104.79437825520833 81.83051106770833 78.633271484375 86.00674153645834 101.2113671875 82.8534375 78.90470052083333 86.18551106770833 99.89917643229167 81.83466145833333 80.85498697916667 85.11463541666667 
9 T01_10.jpg 72.44440755208333 72.87580729166666 84.01527994791667 113.97089518229167 77.266181640625 75.30000325520834 86.714365234375 110.01158528645833 79.75556640625 74.74957682291667 86.57253580729167 109.911318359375 
10 T01_11.jpg 49.271578776041665 57.4668359375 97.73214192708333 96.04668294270833 53.00833333333333 62.52062825520834 98.656826171875 92.83874674479166 55.91920572916667 64.46206705729166 98.4040625 90.935595703125 
11 T01_12.jpg 83.745 114.28094075520833 63.45955729166667 67.26736002604167 86.95037109375 113.42021158854166 67.644189453125 68.58731770833333 88.56507486979167 112.94859049479167 71.83093098958334 69.16968424479167 
12 T01_13.jpg 103.71870768229167 63.53712890625 54.907063802083336 70.32833984375 99.414970703125 62.858740234375 53.0415625 70.97137369791666 96.65164388020834 62.932483723958335 54.81007486979167 69.91701822916667 
13 T01_14.jpg 59.179560546875 69.66290690104167 113.92960611979167 80.06863606770834 63.84665690104167 76.826103515625 113.68865234375 81.66830403645834 64.27098958333333 78.22628255208333 112.41394856770833 84.29840169270834 
14 T01_15.jpg 71.73081705729167 108.06283203125 82.51322591145833 63.729287109375 72.49580729166667 111.280458984375 82.22927408854167 59.52681966145833 73.93689127604166 110.69921875 81.94485026041667 59.03889322916667 
15 T01_16.jpg 110.94898763020834 79.74844075520834 70.526220703125 90.28166666666667 110.540556640625 79.63757486979166 72.32084309895833 91.220185546875 106.81730794270834 77.39278971354166 71.120400390625 90.20473958333334 
16 T01_17.jpg 99.80100260416667 61.78892578125 65.95426432291667 101.6432421875 101.513759765625 63.22928385416667 68.439501953125 102.21923828125 99.21526041666667 63.02941080729167 68.33431966145834 101.97283203125 
17 T01_18.jpg 116.59834309895834 76.39550455729167 50.00780598958333 63.39490234375 111.9640234375 79.69455078125 54.331097005208335 71.549189453125 109.07583658854166 79.11486653645834 56.94571614583333 73.46649088541666 
18 T01_19.jpg 78.68442708333333 110.32001302083333 63.72178385416667 60.50298177083334 75.81641927083334 109.25647135416666 66.44975260416666 57.25529622395833 75.367685546875 107.98557291666667 66.564970703125 57.905436197916664 
19 T01_20.jpg 71.79301432291666 73.3095703125 100.2901953125 80.39005859375 73.17143229166666 77.38201171875 100.44631510416667 84.124296875 74.830654296875 77.24895182291667 99.606064453125 82.55192057291667 
20 T01_21.jpg 90.924501953125 73.578994140625 76.62276041666667 98.078955078125 87.988076171875 75.80788736979167 78.02741861979166 98.08143880208333 88.85671223958333 77.0592578125 77.678125 98.12019856770833 
21 T01_22.jpg 96.85954427083334 49.496829427083334 44.73017903645833 51.781904296875 93.719423828125 54.70610677083334 51.161435546875 58.61677734375 94.44143880208334 59.63875651041667 54.83099283854167 63.001298828125 
22 T01_23.jpg 64.157822265625 73.338837890625 107.93431640625 73.18227213541667 69.42076171875 78.03193684895834 106.54653971354166 77.42527018229167 73.178740234375 80.26119140625 104.63528645833334 78.99734049479167 
23 T01_24.jpg 72.094677734375 82.1332421875 108.75236002604167 81.22678059895833 75.07533854166667 78.50271484375 105.98866861979167 81.64707682291667 76.24781575520834 79.24651041666667 102.74578125 84.004404296875 
24 T01_25.jpg 106.004228515625 73.24300455729167 66.45271809895833 79.9459375 105.04718098958334 76.03507486979167 69.02943684895833 81.93296875 103.18788411458333 74.98954752604166 70.723837890625 81.3771484375 
25 T01_26.jpg 98.13543619791666 75.08279947916667 71.466845703125 68.828916015625 96.36630533854166 76.17044921875 75.54054361979166 74.44990885416667 95.80581705729166 77.05727864583334 75.69767252604167 75.66328776041667 
26 T01_27.jpg 54.49671223958333 48.431162109375 76.16359375 74.34271484375 56.67725260416667 54.653779296875 75.956396484375 80.47944010416667 59.964124348958336 57.602320963541665 79.28442057291667 80.64773111979167 
27 T01_28.jpg 97.64722330729167 77.6782421875 84.55217447916667 93.69080729166667 96.64113606770833 77.32951171875 82.64300455729166 90.843154296875 94.02400716145833 77.30968098958333 79.5221875 87.25677408854166 
28 T01_29.jpg 104.19975911458333 73.45959635416666 68.02452799479167 86.424541015625 101.95612630208333 76.920166015625 69.65269205729167 86.44887044270833 101.74753255208333 74.449091796875 71.87266927083333 84.376162109375 
29 T01_30.jpg 111.50051106770833 58.812945963541665 55.11924153645833 79.99930338541667 110.05183268229166 61.946650390625 58.346110026041664 81.37177083333333 106.94814127604167 64.00092447916667 61.265498046875 82.622021484375 
30 T01_31.jpg 52.30518229166667 72.69351236979166 114.19177083333334 82.23314778645833 60.98298828125 76.15070963541666 112.098935546875 87.30553059895833 64.46631184895833 77.5778515625 109.68161783854167 86.658193359375 
31 T01_32.jpg 112.37820638020834 72.46244466145833 54.396279296875 74.41141276041667 112.41263020833334 74.72257486979167 55.91169596354167 74.31831705729167 111.00744791666666 76.06422200520834 56.785654296875 75.601845703125 
32 T01_33.jpg 108.059130859375 71.86364908854166 56.1126171875 74.11515950520834 103.87028971354167 70.95861653645834 56.13318684895833 74.40052408854167 102.41567708333334 70.68749348958333 55.648030598958336 73.60153645833333 
33 T01_34.jpg 114.51930013020834 77.65934244791667 75.65408203125 93.193349609375 108.97246419270833 78.08986979166667 75.86191080729166 93.666630859375 103.61455078125 75.05655598958333 76.42116536458333 91.36926106770834 
34 T01_35.jpg 69.65982096354166 67.78380859375 85.775126953125 107.74087890625 69.25038411458333 68.446513671875 84.15274088541666 104.34535481770833 68.33150716145833 70.78887044270833 82.04263346354166 101.30007161458333 
35 T01_36.jpg 62.898291015625 76.25233723958333 114.877978515625 81.23810221354167 66.76550455729166 82.07180338541667 111.837822265625 82.96080403645833 67.22624348958334 83.25307942708334 110.39918294270834 82.465029296875 
36 T01_37.jpg 70.323173828125 85.22277994791666 105.06048828125 89.97226888020833 69.89548177083333 84.84811848958333 104.581650390625 86.33902994791667 70.03605143229167 80.81185872395834 105.64009440104167 86.01879557291667 
37 T01_38.jpg 97.62717447916667 102.99791015625 59.48555989583333 66.53790690104167 98.19287109375 105.976923828125 66.25299479166667 68.37349283854167 96.73943359375 103.98986653645834 68.92299153645833 70.856455078125 
38 T01_39.jpg 112.720615234375 71.016796875 64.52171549479166 88.83979166666667 108.95415690104167 69.59298177083333 67.856142578125 91.32981119791667 106.81673177083333 70.7784375 68.22519856770833 91.141513671875 
39 T01_40.jpg 75.25896158854167 72.342490234375 91.40347981770833 107.897080078125 74.8456640625 72.04377604166666 90.5991796875 105.576494140625 74.58640950520834 71.71045247395833 89.20598958333333 103.223212890625 
40 T05_01.jpg 96.41361653645833 25.48630859375 20.8757421875 22.86875 107.06525065104167 30.491754557291667 25.214280598958332 31.75197265625 105.90595377604167 34.79267903645833 29.937604166666667 37.06737630208333 
41 T05_02.jpg 90.89208333333333 30.525341796875 26.046461588541668 33.103564453125 104.44435546875 35.98783854166667 28.806949869791666 40.270657552083335 106.72529296875 38.23685221354167 31.658138020833334 44.82163736979167 
42 T05_03.jpg 97.58777018229166 31.952587890625 28.448277994791667 40.009388020833335 103.56271809895833 38.15417643229166 32.767467447916665 45.742001953125 101.19224934895833 42.10692708333333 34.16269856770833 49.41724283854167 
43 T05_04.jpg 33.572985026041664 31.410641276041666 35.151181640625 95.730458984375 39.34718424479167 36.36120768229166 37.7513671875 103.74802408854167 44.003850911458336 39.596676432291666 40.5715625 104.16757486979166 
44 T05_05.jpg 60.522294921875 28.475257161458334 22.887386067708334 35.582805989583335 72.99312174479167 35.22486002604167 30.029827473958335 44.42566080729166 84.44684244791667 40.078681640625 34.395888671875 52.717952473958334 
45 T05_06.jpg 80.64927734375 28.210237630208333 22.123863932291666 30.031901041666668 91.60629557291666 35.941028645833335 28.8590625 39.955048828125 93.614150390625 39.81889973958334 34.16388671875 48.256236979166665 
46 T05_07.jpg 48.08752604166666 23.676217447916667 25.095084635416665 52.07310546875 58.03658528645833 27.200143229166667 29.2863671875 60.8463671875 63.484918619791664 30.790579427083333 32.173352864583336 65.67116536458333 
47 T05_08.jpg 90.75523111979167 29.806399739583334 24.925188802083333 26.451028645833333 96.839677734375 36.00296223958333 29.662093098958334 35.014850260416665 94.95689778645833 40.978173828125 34.404716796875 39.684313151041664 
48 T05_09.jpg 39.11638671875 90.55963216145834 45.47263671875 38.90490885416666 42.398196614583334 89.836533203125 47.37896809895833 37.98514322916667 41.4546484375 91.43370442708333 48.546100260416665 36.451168619791666 
49 T05_10.jpg 37.34200846354167 99.35732096354167 39.19619140625 36.789547526041666 41.301852213541665 96.14638671875 48.02677083333333 37.73702473958333 42.88859700520833 99.50594075520833 50.493733723958336 38.927158203125 
50 T05_11.jpg 24.734762369791667 71.84406901041666 23.968746744791666 21.798876953125 32.39198893229167 86.04603841145833 31.97912109375 30.893723958333332 36.56219401041667 87.51870442708334 37.75913411458333 33.71296875 
51 T05_12.jpg 29.8766015625 28.580299479166666 28.720930989583334 94.9839453125 36.510263671875 34.786136067708334 36.74073893229167 100.18297526041667 41.86866861979167 37.478076171875 40.515400390625 99.24176106770834 
52 T05_13.jpg 29.0801171875 29.618649088541666 29.663779296875 86.38430338541667 39.30521158854167 34.58110677083334 37.051171875 93.52105794270834 42.541015625 36.84806966145833 40.44384765625 92.41360026041667 
53 T05_14.jpg 43.341494140625 35.8182421875 28.78521484375 91.75051432291667 52.281809895833334 38.357783203125 33.856474609375 97.49488606770834 55.784921875 40.644274088541664 37.315358072916666 101.854716796875 
54 T05_15.jpg 82.479658203125 33.10485026041667 22.176663411458332 30.0159765625 87.88415690104166 40.850276692708334 27.88244140625 33.7480078125 91.98523763020833 47.0474609375 33.63080078125 36.63817708333333 
55 T05_16.jpg 33.446041666666666 23.71478515625 22.686969401041665 67.025263671875 42.789537760416664 29.993642578125 29.471416015625 84.1208203125 48.469615885416665 32.039143880208336 33.423570963541664 86.089296875 
56 T05_17.jpg 23.566552734375 15.334527994791667 18.25726236979167 41.907626953125 30.149189453125 21.135325520833334 24.181712239583334 58.856907552083335 36.561536458333336 27.006376953125 28.005911458333333 71.277255859375 
57 T05_18.jpg 48.49845052083333 36.04935221354167 34.120159505208335 70.30019856770834 55.90045247395833 36.03059244791667 37.438935546875 72.088330078125 57.192311197916666 35.77313151041667 38.302021484375 70.68587239583333 
58 T05_19.jpg 43.466715494791664 28.452688802083333 27.324261067708335 71.98255859375 46.79341796875 29.207262369791668 31.792568359375 67.09159505208333 47.7603515625 29.885647786458332 32.779775390625 65.26424153645833 
59 T05_20.jpg 30.117854817708334 31.475550130208333 47.376546223958336 73.75963541666667 34.471516927083336 35.84946940104167 56.41583333333333 79.26783854166666 38.55407552083334 39.45162109375 61.632275390625 81.66986653645833 
60 T05_21.jpg 61.545315755208335 29.827259114583335 25.8427734375 45.2984765625 64.86272786458333 32.98336263020833 29.889264322916667 51.467242838541665 71.18299153645833 34.674869791666666 33.22297526041667 52.69870768229167 
61 T05_22.jpg 35.99402018229166 78.32351236979167 57.14650716145833 39.36505208333333 41.54531901041667 79.310400390625 64.32341145833334 39.99632161458333 43.45553385416667 83.34676432291667 67.05735026041667 41.040517578125 
62 T05_23.jpg 41.01258138020833 62.02036458333333 27.745162760416665 23.455068359375 50.02689453125 81.65876627604166 32.93591471354166 32.569296875 56.128779296875 86.665322265625 35.579593098958334 35.66198567708334 
63 T05_24.jpg 63.14310546875 55.115302734375 29.526897786458335 31.50925130208333 72.73018880208333 66.97950520833334 34.26369466145833 36.85111979166667 75.843779296875 71.10006510416666 36.13783854166667 37.97189127604167 
64 T05_25.jpg 96.64789713541667 47.174990234375 30.49287109375 39.732734375 94.00111979166667 53.174319661458334 34.640042317708335 41.21177083333333 92.19956705729167 55.46720703125 36.47945638020833 41.43840169270833 
65 T05_26.jpg 33.46543294270833 25.627685546875 12.1082421875 14.621012369791666 38.053818359375 33.87869466145833 17.466731770833334 21.020426432291668 44.629436848958335 40.49017252604167 21.484466145833334 24.919000651041667 
66 T05_27.jpg 38.859156901041665 31.319586588541668 18.474020182291667 22.383330078125 47.861477864583335 43.038935546875 23.482828776041668 27.16994140625 55.860582682291664 52.40075520833334 26.786263020833335 30.710390625 
67 T05_28.jpg 82.78987630208333 27.462506510416667 28.109847005208334 34.679264322916666 93.756015625 34.543590494791665 33.30130859375 42.474703776041665 99.304443359375 39.168050130208336 35.74970377604166 48.658177083333335 
68 T05_29.jpg 42.819537760416665 73.75368489583333 32.380696614583336 31.7438671875 55.728626302083335 86.00202799479166 37.473385416666666 37.419322916666665 61.70331705729166 89.82680989583334 41.65982096354167 40.36151041666667 
69 T05_30.jpg 86.28199544270834 31.268072916666668 27.036868489583334 39.348294270833335 86.58132486979167 35.292919921875 31.473909505208333 47.93186848958333 84.258818359375 38.015133463541666 32.551572265625 50.251302083333336 
70 T05_31.jpg 95.304296875 27.220927734375 25.348528645833333 34.10467447916667 83.90161783854167 32.91177734375 29.9698046875 42.174033203125 78.75216145833333 35.32604817708334 30.83599934895833 43.87895182291667 
71 T05_32.jpg 82.44560221354166 29.553518880208333 25.58560546875 33.27202473958334 92.09284505208333 35.828258463541665 30.475475260416665 42.78761393229167 89.959287109375 37.268499348958336 32.580797526041664 48.10506510416667 
72 T05_33.jpg 79.86888671875 34.025227864583336 28.187239583333334 40.97426432291667 90.99648111979167 39.44828776041667 35.17990234375 49.673138020833335 92.983505859375 42.70404296875 39.79613606770833 55.854449869791665 
73 T05_34.jpg 53.153681640625 34.11429361979167 34.62451171875 48.297757161458335 62.42994140625 35.586223958333335 35.58743489583333 51.949596354166665 73.43315755208333 39.020807291666664 36.687470703125 54.98960286458333 
74 T05_35.jpg 70.091689453125 47.8772265625 28.391321614583333 28.999554036458335 78.51433919270833 57.93861328125 33.382578125 34.059085286458334 82.21591796875 62.624837239583336 34.02323893229167 35.42765950520833 
75 T05_36.jpg 28.185270182291667 28.179313151041665 33.420817057291664 73.08849283854167 35.354534505208335 33.11253255208333 44.92550130208333 82.00330729166667 38.367470703125 36.80825846354167 52.823177083333334 86.40138997395833 
76 T05_37.jpg 71.849169921875 58.81506510416666 31.397880859375 34.61109049479167 83.91423828125 70.05081705729167 40.03942057291667 40.025133463541664 87.76509440104167 73.79869140625 41.84274088541667 41.359130859375 
77 T05_38.jpg 73.368388671875 34.059228515625 32.414482421875 45.30951171875 86.98232747395834 41.25945963541667 38.166123046875 55.38111979166667 89.76871744791667 44.375947265625 43.04293294270833 63.101513671875 
78 T05_39.jpg 59.22195963541667 24.210276692708334 18.002236328125 19.454554036458333 78.49535807291667 30.45847005208333 22.95470703125 23.639039713541667 87.00663411458333 35.93806315104167 26.858600260416665 28.011875 
79 T05_40.jpg 92.02972005208333 30.509925130208334 26.423916015625 33.06753580729167 93.06094401041666 35.712835286458336 34.632470703125 42.53015950520833 88.75836588541667 40.776448567708336 37.79193033854167 47.801904296875 
80 T12_01.jpg 82.66712239583333 79.62650716145833 82.43985677083333 78.348134765625 81.38246744791667 82.27324544270833 83.98182291666667 80.41378255208333 80.590439453125 80.55691731770834 84.35198893229166 81.24278645833333 
81 T12_02.jpg 82.81822265625 81.42073567708333 84.720087890625 83.70268880208333 82.99939778645833 80.86016276041667 86.698837890625 84.55928385416667 83.059267578125 83.02471354166667 84.87138346354166 82.96023763020834 
82 T12_03.jpg 79.63900716145834 81.18000651041666 84.18426432291666 83.225478515625 79.76341145833334 83.10857421875 82.91666666666667 81.83925455729167 80.219892578125 82.34086588541666 81.82349283854167 81.18412109375 
83 T12_04.jpg 79.96119140625 86.31984049479166 80.20283203125 75.161171875 81.60879557291666 83.452763671875 78.57258463541666 78.863671875 80.63254231770833 83.49150716145833 78.24889973958334 78.21157552083334 
84 T12_05.jpg 86.61146484375 85.933740234375 79.54987630208333 83.17223307291667 89.08200846354167 85.808642578125 79.10700846354166 83.03799153645834 87.1571875 85.289580078125 77.258359375 80.75368489583333 
85 T12_06.jpg 80.90986328125 80.39439778645833 85.76493815104166 90.35353515625 81.27816731770834 80.61955729166667 84.88784830729166 89.35219075520833 81.56813802083333 80.248251953125 82.71040364583334 88.37490559895834 
86 T12_07.jpg 86.27500325520833 77.83222005208333 83.42833333333333 92.68115234375 86.82509765625 79.371474609375 85.61775716145833 92.780087890625 82.59258463541667 77.189619140625 84.128642578125 92.29700520833333 
87 T12_08.jpg 79.6554296875 95.14021158854166 92.89684244791667 82.82016276041666 81.45762044270833 91.48730794270833 94.7191015625 77.44539388020833 78.74980143229166 90.11775065104166 93.43750651041667 76.39699544270833 
88 T12_09.jpg 79.54323893229167 95.377421875 84.226279296875 81.821962890625 81.51347981770833 97.33107096354166 85.77426106770834 78.55472981770833 81.75381510416666 93.63701497395833 83.53572916666667 75.56479817708333 
89 T12_10.jpg 93.04257486979166 98.14612630208333 88.110283203125 81.51097330729166 87.333388671875 93.923388671875 87.77214518229167 79.31708333333333 86.41271484375 93.52360677083334 85.57773111979166 78.34885416666667 
90 T12_11.jpg 80.55697916666666 83.01123372395833 81.01257486979166 84.45665364583333 83.07736653645833 84.20015299479167 82.24754231770834 81.86225911458334 81.606162109375 84.38470052083333 83.18294921875 81.23598307291667 
91 T12_12.jpg 81.016767578125 89.37012369791667 86.78010416666666 73.311123046875 82.181015625 91.61816080729167 87.33892252604167 68.71463216145834 78.04783854166666 91.39251953125 84.24140950520834 69.84214192708333 
92 T12_13.jpg 79.398779296875 89.82436848958334 85.29310872395833 77.79057291666666 82.55811848958334 95.11395833333333 87.7103515625 76.24514973958334 80.83401692708334 93.01153645833334 87.71722005208333 76.31019205729167 
93 T12_14.jpg 80.78947265625 91.2362890625 89.82900716145834 78.72400390625 78.49168619791666 89.18280598958333 90.746923828125 76.43313802083334 75.97435221354166 86.770361328125 89.266650390625 74.00297526041666 
94 T12_15.jpg 82.504873046875 92.23571940104166 84.28410807291667 77.56194010416667 81.36226236979167 88.70637044270833 83.09873046875 77.10383138020833 81.20766276041667 85.583798828125 82.20707682291666 75.063662109375 
95 T12_16.jpg 88.73468424479167 85.52812174479166 89.023662109375 86.84398763020833 91.50751302083333 91.99017578125 91.56565755208334 88.30620768229167 90.67764322916666 91.85546875 93.343564453125 86.65056640625 
96 T12_17.jpg 89.47626627604167 89.795009765625 94.138046875 93.72984049479167 88.420546875 89.25435546875 94.40556315104166 95.20197265625 86.81022786458334 87.04729817708333 92.72000651041667 92.42914713541667 
97 T12_18.jpg 86.32687825520833 91.948837890625 80.82587239583333 82.01773763020833 87.59280598958334 94.96437174479166 89.09615559895833 81.04581380208333 87.03223958333334 93.50523111979167 89.4052734375 80.88893880208333 
98 T12_19.jpg 87.091298828125 92.33718424479167 90.73565104166667 84.39548177083333 87.44750651041667 93.83855794270833 92.97339518229167 83.96493815104166 87.05722005208334 93.85747395833333 92.114443359375 82.730810546875 
99 T12_20.jpg 96.33880533854166 88.32523111979167 78.55616536458334 88.09664388020833 94.69117838541666 87.27777669270833 80.52950846354166 86.12171549479167 91.756357421875 87.46033854166667 78.68054036458334 82.678447265625 
100 T12_21.jpg 93.15937825520834 100.96474934895834 85.78323893229167 78.86855143229167 91.35927408854167 97.76832682291666 81.95345377604167 80.06724934895833 89.55304036458334 95.16973958333334 79.78826822916666 78.78272135416667 
101 T12_22.jpg 91.459501953125 95.73760416666667 78.41436197916667 80.44150390625 91.27431966145834 91.57798177083333 77.38366536458334 78.1264453125 90.90678385416666 90.40788411458334 75.88274739583333 78.37076822916667 
102 T12_23.jpg 91.44147135416667 95.73599609375 80.709931640625 79.587978515625 91.74088216145833 95.22932942708333 81.43443684895833 82.01295247395834 88.60111653645833 92.439326171875 79.85025716145833 80.97435546875 
103 T12_24.jpg 84.13239908854166 87.87440755208333 91.121376953125 84.04099609375 84.17962239583333 86.4078515625 90.44186197916666 82.42241861979167 82.71161458333333 87.5093359375 89.00779296875 79.2694921875 
104 T12_25.jpg 80.31645833333333 89.61642578125 96.74767578125 85.17409505208333 81.59546223958333 87.09176432291666 94.00798502604167 86.20380859375 81.261953125 86.44372395833334 91.1734765625 85.14138346354167 
105 T12_26.jpg 94.103388671875 81.28703776041667 81.623466796875 87.82513346354166 88.88438151041667 80.02557942708333 78.44652994791667 87.16107096354166 84.534912109375 75.90594401041666 74.156376953125 83.068291015625 
106 T12_27.jpg 89.754033203125 86.03207356770834 77.35615885416667 85.2334375 86.97567057291667 82.50398111979166 77.58076497395834 81.04105143229167 84.75919596354167 79.09527669270834 75.58724609375 79.101435546875 
107 T12_28.jpg 83.2691015625 82.36174153645834 87.88546549479166 84.86765299479167 91.01396809895833 90.97572265625 94.92935872395833 89.752060546875 93.07701171875 92.41222005208333 93.50423177083333 89.66343098958333 
108 T12_29.jpg 84.84229817708334 87.18843098958334 83.667744140625 77.72184895833334 85.00759765625 90.75516276041667 85.98626953125 80.89889322916666 86.738681640625 92.42396158854167 87.12131184895833 80.73061197916667 
109 T12_30.jpg 85.32267903645834 87.361201171875 91.19505208333334 88.872763671875 89.792890625 92.26300130208334 94.82953125 92.23993815104167 88.56631510416666 92.10861328125 94.20986002604167 91.711142578125 
110 T12_31.jpg 71.862822265625 65.058466796875 65.67681315104167 72.09348307291667 85.53359375 78.7210546875 79.41040364583333 84.19911783854167 90.05993489583334 85.31092122395833 82.75421223958334 86.34048177083334 
111 T12_32.jpg 83.56911458333333 88.72498372395833 90.53439127604166 89.42976236979166 81.36201497395834 86.740166015625 88.70341796875 86.66528971354167 80.32164388020833 83.90760091145833 85.63024739583334 85.63181315104167 
112 T12_33.jpg 92.70349609375 91.22913411458333 89.820869140625 92.96267252604167 89.1748828125 87.941171875 89.82227213541667 94.37327473958334 88.136630859375 86.376689453125 89.18736328125 91.61029622395833 
113 T12_34.jpg 81.43661783854166 73.52032552083334 80.76501627604166 85.61400716145833 87.77733072916666 81.27935872395834 84.71411458333333 92.52834635416667 88.34619140625 82.20902018229167 85.95875651041666 93.69268880208334 
114 T12_35.jpg 78.35428385416667 89.93734700520834 89.02278645833333 92.84826171875 85.12375 87.29195638020833 92.71893880208333 94.59406901041666 86.68895182291666 87.105107421875 91.07275390625 94.346123046875 
115 T12_36.jpg 88.08181315104167 94.41025716145833 95.16416666666667 91.695244140625 89.041787109375 90.35039713541667 97.60507486979166 93.38838216145834 88.32661783854167 89.24471354166667 95.278349609375 91.02348958333333 
116 T12_37.jpg 78.29037109375 84.47086588541667 89.23677083333334 81.09205403645834 81.154619140625 87.47430013020833 92.64352213541666 84.0389453125 82.146796875 86.89756184895833 92.78490559895833 86.06408203125 
117 T12_38.jpg 85.61797200520833 85.688701171875 87.759189453125 90.341669921875 84.40811197916666 82.80104817708333 83.96320638020833 89.93692708333333 84.49310872395833 81.42028645833334 83.64971354166667 88.964267578125 
118 T12_39.jpg 92.32079427083333 86.09463541666666 95.25204427083334 93.51574869791666 88.837353515625 86.55303385416667 89.74867513020833 91.89275390625 87.46260416666667 84.67928385416667 86.94556315104167 90.55020182291666 
119 T12_40.jpg 81.07740559895834 84.90016927083333 90.675673828125 87.93820963541667 80.995341796875 86.69638346354166 90.879697265625 86.282001953125 79.5118359375 85.90216796875 91.42483072916667 84.25768229166667 
120 T13_01.jpg 58.30373372395833 51.27555989583333 92.33654947916666 54.257724609375 54.246256510416664 51.766614583333336 89.90715494791667 55.80477213541667 51.35176106770833 52.132451171875 84.31611002604167 56.08078125 
121 T13_02.jpg 53.82438802083333 64.511328125 57.008001302083336 88.25796223958334 52.31618489583333 55.395390625 55.534169921875 84.70971028645833 53.36857747395833 50.600911458333336 54.597112630208336 78.52016927083334 
122 T13_03.jpg 54.003307291666665 45.98079752604167 98.51403971354166 48.94087239583333 49.901194661458334 46.250432942708336 96.13051106770833 50.81663411458333 46.906061197916664 45.07840169270833 89.76319010416667 51.484996744791665 
123 T13_04.jpg 45.83871419270833 91.09232421875 59.01073567708333 66.31263346354167 42.58297526041667 85.57025716145833 59.32289388020833 58.091708984375 41.607737630208334 80.24235026041667 59.87165690104167 53.178248697916665 
124 T13_05.jpg 53.04314453125 98.16197265625 59.35909505208333 58.954443359375 50.3951171875 95.793701171875 55.59420572916667 50.78765625 51.70065104166667 92.10545572916666 52.92257161458333 45.122841796875 
125 T13_06.jpg 72.40096354166667 50.87130859375 61.787652994791664 84.48883463541667 64.73703450520833 47.695166015625 62.84340169270833 88.78048828125 57.84849609375 43.60435546875 63.9029296875 87.40362630208334 
126 T13_07.jpg 67.78907552083334 43.5701171875 101.86138997395834 60.663587239583336 61.86537109375 42.30085611979167 103.81829752604166 60.328382161458336 55.2119921875 42.35208658854167 105.39656901041667 59.65015299479167 
127 T13_08.jpg 98.414404296875 58.5427734375 71.44746744791667 46.4125390625 97.82249674479166 59.792431640625 65.43353841145833 45.40614908854167 97.31427408854167 59.91521484375 57.668427734375 43.776328125 
128 T13_09.jpg 100.724296875 51.39363932291667 71.5572265625 45.42919270833333 97.46808919270833 55.60405598958334 66.99333658854167 46.285211588541664 91.87573893229167 57.83483072916667 61.076484375 46.824619140625 
129 T13_10.jpg 48.851155598958336 62.93859049479167 69.873232421875 47.335638020833336 47.508776041666664 62.14369466145833 67.65177083333333 44.266181640625 45.48636067708333 61.755107421875 65.31845052083334 45.06245442708333 
130 T13_11.jpg 48.48759440104167 52.377347005208335 87.85903971354166 51.623548177083336 47.081800130208336 53.868138020833335 85.885966796875 53.574436848958335 47.41011067708333 55.178424479166665 81.51257161458334 54.072278645833336 
131 T13_12.jpg 55.129609375 79.15540364583333 54.62392252604167 60.752858072916666 57.14795572916667 77.49340169270833 59.48620768229166 57.333277994791665 58.21903971354167 77.31376627604166 58.66168294270833 55.87658203125 
132 T13_13.jpg 44.697890625 88.62753580729166 50.199772135416666 54.621826171875 42.407685546875 83.829677734375 51.81046875 45.440673828125 41.200602213541664 79.22073567708334 51.069163411458334 41.05568033854167 
133 T13_14.jpg 66.73004557291667 64.07438802083334 85.96269856770833 61.871510416666666 56.74661458333333 55.309368489583335 86.49074869791667 67.47425130208333 49.875921223958336 49.18802083333333 85.09688802083333 70.52095377604167 
134 T13_15.jpg 51.001331380208335 65.97413736979166 82.017900390625 53.95689127604167 54.039996744791665 66.659990234375 81.814267578125 56.030068359375 53.19095703125 67.69523111979167 81.569423828125 58.248059895833336 
135 T13_16.jpg 56.615625 53.58011393229167 66.10510416666666 66.14825520833334 61.58225911458333 52.38423828125 65.37308268229167 66.95072265625 63.21593424479167 52.90295572916666 63.03536783854167 66.52042643229167 
136 T13_17.jpg 81.496298828125 68.67699544270833 38.018444010416665 50.20277994791667 75.64122395833333 67.30520182291667 36.51527669270833 44.710445963541666 74.38288411458333 63.59398763020833 35.53283528645834 43.10672526041667 
137 T13_18.jpg 59.428955078125 88.129814453125 34.25506510416667 48.045315755208335 58.791735026041664 82.352509765625 36.3033984375 42.56166015625 57.445706380208335 78.87973958333333 36.7467578125 39.395113932291665 
138 T13_19.jpg 43.745862630208336 44.17527018229167 62.153942057291665 72.020185546875 43.670003255208336 46.327783203125 62.48536783854167 68.75525065104166 43.549371744791664 44.5998828125 59.969560546875 66.45687825520834 
139 T13_20.jpg 44.65724934895833 46.83321614583333 62.0281640625 50.538258463541666 44.666585286458336 45.75991861979167 62.409329427083335 51.568043619791666 45.56060872395833 49.748668619791665 64.54599609375 53.33546875 
140 T13_21.jpg 64.00925130208333 51.588984375 61.98138671875 65.13640625 65.824853515625 53.51669921875 61.167955729166664 65.10665364583333 65.642705078125 54.60866536458333 59.65052734375 65.04517578125 
141 T13_22.jpg 61.97171549479167 61.216617838541666 74.94714192708334 47.86564778645833 52.662998046875 60.848388671875 72.53993489583333 44.84460611979166 47.349811197916665 60.545520833333335 71.85233723958333 45.412408854166664 
142 T13_23.jpg 48.70376953125 67.43651041666666 87.62561197916666 56.200113932291664 44.540869140625 58.751689453125 87.7820703125 59.098173828125 42.47617838541667 51.60984375 85.31008463541667 58.908199869791666 
143 T13_24.jpg 65.06329427083334 56.81462890625 95.005380859375 45.749020182291666 57.286748046875 55.323987630208336 97.232197265625 45.683277994791666 50.647190755208335 53.192216796875 95.92923177083334 45.4077734375 
144 T13_25.jpg 91.00740885416667 43.780826822916666 63.84962890625 55.56373697916667 93.25401041666667 44.96611653645834 57.79609049479166 54.77671223958333 91.95342122395833 45.292734375 52.280530598958336 53.298395182291664 
145 T13_26.jpg 54.045712890625 51.700550130208335 72.26181640625 55.00775065104167 56.58617513020833 52.749111328125 72.300869140625 60.27576171875 55.99445963541667 53.166516927083336 74.29534505208333 63.540234375 
146 T13_27.jpg 47.28408203125 49.377819010416665 79.79224934895834 44.864990234375 44.40130859375 48.06888020833333 73.27768880208333 45.11096028645834 42.775706380208334 47.5927734375 70.53950846354167 45.0694140625 
147 T13_28.jpg 36.059609375 75.22657552083334 54.7489453125 41.67296875 35.357799479166665 71.60662434895833 52.140911458333335 40.40940755208333 35.06406575520833 68.30268880208334 52.304296875 38.69936197916667 
148 T13_29.jpg 51.92259114583333 48.74296549479167 79.30660807291666 57.961904296875 46.19911458333333 47.340061848958335 77.108896484375 52.86958333333333 45.86185221354167 46.825289713541665 75.11885416666667 54.21336263020833 
149 T13_30.jpg 50.24523111979167 45.805908203125 84.205 47.31684895833333 52.676943359375 50.57644856770833 78.89123046875 53.694850260416665 53.47824869791667 51.866399739583336 77.39330729166667 57.331471354166666 
150 T13_31.jpg 42.795712890625 54.739300130208335 74.38933268229167 48.38686197916667 39.077333984375 52.94873697916667 74.31119791666667 46.898870442708336 36.84103190104167 52.95955729166667 70.80955403645834 45.13847981770834 
151 T13_32.jpg 95.75529622395834 52.96975911458333 71.74884440104167 55.043505859375 85.80296223958334 55.440390625 67.79897135416667 53.742184244791666 80.10168294270834 56.75140625 63.43435546875 53.526064453125 
152 T13_33.jpg 53.650048828125 48.89494140625 86.33103515625 53.2534375 51.7576953125 52.03469075520833 82.58414713541667 58.889231770833334 50.530911458333335 52.94248046875 81.35794270833334 61.3872265625 
153 T13_34.jpg 73.21706705729167 61.457936197916666 44.4137890625 48.762698567708334 72.13982747395833 61.46785807291667 44.390094401041665 45.771259765625 68.99677408854167 61.43704427083333 44.51615885416667 44.30591796875 
154 T13_35.jpg 42.162395833333335 101.82713541666666 71.08616861979166 43.186481119791665 46.48985026041667 103.12607421875 73.59085611979167 40.94558919270833 47.489124348958335 103.93532877604167 69.8842578125 39.94362630208333 
155 T13_36.jpg 64.910068359375 60.591305338541666 79.84207356770834 45.966220703125 56.659912109375 58.70046223958333 78.5891796875 45.775400390625 50.250843098958335 58.046328125 75.85138346354167 46.061513671875 
156 T13_37.jpg 47.26495442708333 54.083583984375 60.28930013020833 78.534248046875 45.215068359375 49.803089192708335 60.26084309895833 75.52300130208333 45.67662760416667 47.40714192708333 60.435276692708335 73.202578125 
157 T13_38.jpg 39.997734375 83.65718424479167 59.496106770833336 53.05621419270833 41.43525390625 80.191552734375 60.416461588541665 48.63683268229167 41.732900390625 78.71205078125 60.47207682291667 46.14279947916667 
158 T13_39.jpg 43.30883138020833 39.726236979166664 55.9463671875 70.13945638020833 41.94676106770833 34.83268880208333 52.529606119791666 65.38064127604167 38.07830078125 34.049563802083334 51.3653125 63.72861653645833 
159 T13_40.jpg 59.43322265625 49.48074544270833 99.186259765625 58.708017578125 50.55170572916666 42.59651041666667 92.61342122395833 56.6794140625 45.511796875 38.970524088541666 87.26826497395834 56.90835611979167 
160 T18_01.jpg 88.83124348958333 82.70603190104167 84.11986328125 90.48373046875 93.07862630208334 94.33758138020833 96.31080078125 99.45763671875 94.41394205729166 110.84990559895833 102.09762369791666 102.4693359375 
161 T18_02.jpg 79.84322591145833 84.25677408854166 88.10346028645833 91.23952799479167 96.44172200520833 94.34356770833334 96.83281901041667 94.53733072916667 108.80369466145834 99.03850260416667 100.89657877604166 98.449091796875 
162 T18_03.jpg 84.35762369791667 84.50398111979166 90.59514973958333 86.48662434895833 95.0978125 96.102109375 97.43921875 91.17007486979166 101.003125 102.43074544270833 100.12282877604167 93.362607421875 
163 T18_04.jpg 75.58875325520833 86.33274739583334 79.69844075520834 67.66302734375 89.449580078125 92.53444010416666 87.07804036458333 85.005166015625 96.501572265625 96.46750651041667 90.176064453125 95.874677734375 
164 T18_05.jpg 72.56865559895833 72.90108723958333 85.82698567708333 78.703017578125 87.50810546875 89.79813802083333 93.37673177083333 86.590693359375 95.21072591145834 97.87290364583333 97.44385091145833 91.63540364583334 
165 T18_06.jpg 77.097060546875 82.57735677083333 84.08710611979167 84.92556315104167 86.5480859375 91.19915690104166 95.268515625 94.67934244791667 97.47575520833334 98.049423828125 98.94259440104166 96.12031901041667 
166 T18_07.jpg 93.19738932291666 98.05060546875 95.72810546875 98.416650390625 96.02846028645833 105.18351888020834 103.63293619791666 102.36265950520833 96.11948567708333 103.430595703125 103.08766276041666 98.71534830729166 
167 T18_08.jpg 94.47681966145834 99.55889973958334 103.85061197916667 87.38586263020834 100.398662109375 103.96769856770834 104.67054361979167 96.4408203125 99.703701171875 104.27189453125 102.893564453125 98.22629557291667 
168 T18_09.jpg 100.217900390625 94.907451171875 96.328935546875 103.67637369791667 105.108359375 99.7837890625 96.15244466145833 113.707880859375 105.68462239583333 100.73826171875 92.23882161458333 101.35121744791667 
169 T18_10.jpg 83.98551106770833 83.08549479166666 97.029638671875 80.96512369791667 99.10544270833333 95.105341796875 99.06763997395834 93.02991861979167 103.25188802083333 101.79313802083334 99.705068359375 107.69669921875 
170 T18_11.jpg 101.2173828125 97.3511328125 94.62123046875 99.30314778645834 105.8260546875 100.904404296875 94.98534830729167 108.57155924479167 105.85273111979167 101.93666015625 94.32747395833333 101.39720703125 
171 T18_12.jpg 87.58055013020834 83.152958984375 74.76694661458333 72.84989583333333 92.571259765625 91.937119140625 85.89368489583333 88.128173828125 94.88970703125 92.53897786458333 99.68857747395833 95.09234049479167 
172 T18_13.jpg 94.34131510416667 94.717568359375 90.50322591145833 96.82085611979167 97.954130859375 95.80376302083333 97.43053385416667 104.78757486979167 96.503623046875 92.249501953125 100.45427734375 105.078369140625 
173 T18_14.jpg 85.87816080729166 78.02935221354167 79.029873046875 83.9548046875 96.45234375 89.55994791666667 87.90863932291667 92.76812825520834 97.15393229166666 91.94150390625 92.62380208333333 97.12930989583333 
174 T18_15.jpg 76.95277669270833 74.56060546875 78.73271809895833 92.10755859375 85.631357421875 82.2962109375 92.52016927083334 98.93015950520834 90.06960611979167 88.595029296875 95.99271158854167 102.94331380208334 
175 T18_16.jpg 79.51597330729167 81.78675130208333 83.4208203125 78.30743489583334 89.192421875 92.60455403645834 91.93353190104166 89.36964192708334 96.27551106770834 96.26895833333333 94.74205078125 91.09565755208334 
176 T18_17.jpg 95.230791015625 86.20671223958334 88.658984375 88.90396809895833 100.12397135416667 91.81745768229166 106.10365885416667 100.33900716145833 100.662412109375 93.28253580729167 109.22462565104166 100.98495768229166 
177 T18_18.jpg 91.49688151041667 98.07015625 91.96845052083333 91.80042643229167 98.700615234375 99.68138346354166 92.58072916666667 99.439189453125 103.31460286458334 98.49572916666666 90.44483723958334 103.99502278645834 
178 T18_19.jpg 74.054580078125 85.01908528645833 84.103603515625 74.96325846354166 85.10206705729166 92.91080078125 91.47459309895834 83.21331705729166 95.10024739583334 97.05687825520833 94.971298828125 90.20712565104166 
179 T18_20.jpg 72.63045572916667 77.54087239583333 87.808271484375 81.48393229166666 85.09925130208333 89.38842447916667 95.13928059895834 88.36598307291666 92.574375 95.369443359375 98.62521809895833 92.939306640625 
180 T18_21.jpg 66.585234375 66.2473828125 72.90173502604166 75.57345377604166 74.909677734375 76.46998372395834 86.711484375 84.19297200520833 82.71506184895833 84.67014973958334 94.00120768229166 91.43003580729167 
181 T18_22.jpg 65.469541015625 71.87165364583333 83.88904296875 69.51446614583334 78.81921549479166 81.914169921875 93.44673502604167 79.88664713541667 87.14813151041666 89.42853515625 99.554921875 86.6975390625 
182 T18_23.jpg 80.21499348958334 65.82982421875 67.65842122395833 75.49687174479166 87.118564453125 77.41729817708334 81.483125 85.25418294270834 94.67077473958334 86.25099609375 88.30881184895833 90.71000325520833 
183 T18_24.jpg 78.955849609375 89.83595052083334 78.05056315104167 74.09968424479166 90.817099609375 98.53548502604167 86.33334309895834 83.29316080729167 95.497685546875 101.6094140625 90.669140625 91.94078125 
184 T18_25.jpg 72.52111002604167 75.305009765625 87.47803385416667 79.98093098958333 81.89407552083334 90.180556640625 95.09437174479167 87.09457356770834 90.61485026041667 96.04480794270833 100.07205729166667 90.30587890625 
185 T18_26.jpg 71.239970703125 69.88793619791667 74.44650065104166 70.67119791666667 79.94692708333334 84.86847005208334 86.32411783854167 81.08426432291667 88.42333658854167 91.06910481770834 93.82912760416667 89.388349609375 
186 T18_27.jpg 91.68654622395833 86.50841145833333 98.38544921875 88.58237955729167 102.90775390625 94.44046549479167 99.3795703125 99.87169921875 102.007685546875 95.01293294270833 99.59782877604167 106.541044921875 
187 T18_28.jpg 59.35599283854167 63.23381184895833 65.36733072916667 55.25682942708333 71.801533203125 73.74478515625 81.31869466145834 70.06583984375 81.04656575520833 81.13888997395833 90.86633138020834 79.04512369791667 
188 T18_29.jpg 60.127236328125 62.39245768229166 70.50117838541667 66.19285481770834 72.74739908854167 72.48447591145833 81.614736328125 81.62419270833334 83.19793294270833 81.62068684895833 86.508896484375 88.05859049479167 
189 T18_30.jpg 96.12462239583333 104.45253580729167 96.00683268229167 96.70727213541667 99.78562174479167 106.87114583333333 104.94496744791667 99.98031575520834 98.79503580729167 106.23115885416667 101.53693033854167 96.31515625 
190 T18_31.jpg 87.17136067708333 97.95950520833334 89.68414388020834 86.18067708333334 96.48845703125 103.50599609375 95.417529296875 97.37679036458333 100.14746419270833 106.60635091145834 103.83106770833334 98.40888671875 
191 T18_32.jpg 98.97367513020833 86.54851888020833 89.20773111979166 87.57233723958333 102.55633138020833 94.50928385416667 94.632255859375 96.69699544270833 103.55388997395833 98.94824544270833 96.64750651041666 99.5894921875 
192 T18_33.jpg 87.4630078125 96.97087239583334 84.07187174479166 88.49179036458334 97.66552734375 98.0762890625 99.06253580729167 98.65462565104167 101.30022786458333 100.337939453125 107.84268880208333 100.69015625 
193 T18_34.jpg 54.587864583333335 64.2721484375 68.759775390625 53.76638671875 68.41026692708333 76.98180013020833 80.832744140625 69.80123046875 77.01992513020834 86.29172200520833 87.66265299479167 79.22924479166667 
194 T18_35.jpg 49.20748372395833 58.3794921875 64.21478190104166 53.85044270833333 64.99404296875 71.35663411458333 77.96640299479166 65.33150716145833 74.10330403645834 81.80459635416666 86.62784505208333 73.85597005208334 
195 T18_36.jpg 58.906708984375 65.44323893229166 65.3041015625 55.25194661458333 71.987255859375 80.19381184895833 73.61027018229167 66.87699544270833 81.426259765625 90.38517252604167 79.92602864583333 75.16279947916667 
196 T18_37.jpg 68.62399739583333 79.39440755208334 75.8148046875 67.462021484375 82.34751302083333 90.94340169270833 81.39851888020833 78.80252604166667 91.62608072916667 95.34009114583333 85.910927734375 87.13207682291667 
197 T18_38.jpg 74.299609375 77.63938151041667 75.34928059895833 70.79752604166667 84.838232421875 85.686572265625 85.80058919270833 78.545859375 94.13893880208333 92.85721354166667 91.65445638020833 84.52008463541667 
198 T18_39.jpg 64.62458333333333 66.47608723958334 58.072750651041666 55.26277994791667 78.22885091145834 80.93115234375 69.83712890625 71.4220703125 83.853369140625 88.33771484375 79.666064453125 81.40800130208333 
199 T18_40.jpg 69.367607421875 62.579602864583336 61.82873046875 62.01928059895833 83.87533528645834 73.76337890625 72.573544921875 75.30710286458333 90.89283854166666 82.176787109375 79.56651692708333 82.6678125 
200 T25_01.jpg 39.730211588541664 85.141015625 34.7791796875 83.09617513020834 34.00673502604167 70.72787109375 33.767604166666665 76.38314778645834 36.97837890625 82.40526041666666 68.25813802083333 78.15008463541666 
201 T25_02.jpg 33.073623046875 86.84304361979167 33.15526692708333 97.956298828125 31.116064453125 75.90121419270834 32.2296484375 88.67336263020833 29.093844401041668 68.04466145833334 33.95924479166667 81.81675455729167 
202 T25_03.jpg 83.4187109375 34.5965625 86.81052083333333 42.14827799479167 72.85016927083333 32.617783203125 75.50198567708334 37.406103515625 83.013564453125 57.99753580729167 74.234169921875 41.59474609375 
203 T25_04.jpg 32.71849934895833 87.64887044270833 37.46945963541667 90.34724283854166 29.634443359375 72.461005859375 35.16613932291666 81.30001302083333 36.20057942708333 77.78439778645833 57.31127278645833 76.68537434895833 
204 T25_05.jpg 33.94828776041667 63.371715494791665 50.18629557291667 70.94283854166666 55.448636067708335 72.1135546875 93.00493815104167 70.5262890625 59.702314453125 67.03810872395833 98.1831640625 57.440244140625 
205 T25_06.jpg 84.854951171875 22.285478515625 105.41942708333333 31.257301432291666 82.86292317708333 24.232093098958334 98.26779296875 33.459742838541665 79.87650065104167 26.341891276041668 91.75079752604167 36.17117838541667 
206 T25_07.jpg 48.442493489583335 49.119876302083334 70.55417317708333 78.896806640625 45.49746744791667 50.864176432291664 69.23806966145834 72.85635416666666 44.10546223958333 46.25192057291667 60.88747395833333 64.64056966145833 
207 T25_08.jpg 40.40439453125 78.39480143229167 45.60967122395834 87.54015950520834 45.874423828125 67.65033854166667 40.477688802083335 77.917841796875 44.31611328125 66.11679036458334 38.96127278645833 65.34624348958333 
208 T25_09.jpg 80.20444010416666 44.971676432291666 61.27763997395834 27.382721354166666 71.192734375 46.04515950520833 58.00907877604167 27.234873046875 79.475927734375 75.73570638020833 58.25431640625 31.777350260416668 
209 T25_10.jpg 23.402473958333335 73.44498372395833 33.303505859375 92.65483072916666 24.522132161458334 76.296328125 34.276435546875 88.83830078125 25.087939453125 75.82876953125 38.577692057291664 82.185732421875 
210 T25_11.jpg 22.340934244791665 75.035107421875 39.25114583333333 83.93893229166666 24.085065104166667 72.99394205729166 45.54476236979167 73.50831705729166 59.77863932291667 72.9815234375 44.475589192708334 73.02579752604167 
211 T25_12.jpg 32.6162109375 80.563349609375 41.21962239583333 78.34370442708334 100.25437174479167 79.77033854166666 44.450283203125 89.25732421875 107.028740234375 72.327587890625 53.36383138020833 81.664462890625 
212 T25_13.jpg 35.742200520833336 73.25001627604166 60.456136067708336 84.009130859375 34.135257161458334 63.693544921875 53.55532877604167 70.16678385416667 49.844404296875 65.397021484375 49.169248046875 63.704287109375 
213 T25_14.jpg 72.90232747395834 71.36635416666667 36.272838541666665 71.97719401041667 94.011435546875 66.85517578125 60.154840494791664 78.08498372395833 94.2300390625 58.482109375 61.591197916666665 74.25318033854167 
214 T25_15.jpg 85.25818033854166 71.32085611979167 53.48625325520833 85.09171223958333 93.08207356770833 56.17785807291666 60.926813151041664 84.18529296875 83.453466796875 56.32386067708333 54.037652994791664 75.6308984375 
215 T25_16.jpg 61.318173828125 58.235582682291664 46.262861328125 55.74273763020833 59.58734049479167 55.1807421875 50.44169596354167 57.564098307291665 54.443310546875 49.30826171875 52.64739908854167 57.17035807291666 
216 T25_17.jpg 80.847939453125 44.8860546875 93.87627604166667 30.109977213541665 71.41051106770833 42.454967447916665 82.06382161458333 28.146012369791666 63.145686848958334 40.87027018229167 74.87098307291667 26.3806640625 
217 T25_18.jpg 64.14822591145834 55.846943359375 60.353082682291664 65.4809765625 64.7248046875 50.36109375 58.31114908854167 63.44676106770833 62.437662760416664 47.56287434895833 61.68344075520833 63.654781901041666 
218 T25_19.jpg 65.71724283854167 43.29282552083333 63.596165364583335 52.69796223958333 54.85310221354167 48.043118489583335 60.12717447916667 50.485240885416665 56.19802083333333 69.650126953125 69.86150716145833 55.570247395833334 
219 T25_20.jpg 53.63025065104166 41.26053059895833 89.07485677083334 41.847978515625 74.104560546875 74.50650390625 80.68861653645833 42.62534505208333 69.825966796875 88.962412109375 74.95501953125 50.15689778645833 
220 T25_21.jpg 65.91038736979166 32.75473958333333 97.59412434895833 42.07304361979167 64.15353515625 45.880856119791666 84.68565755208333 65.16406901041667 56.385703125 46.793971354166665 79.64867838541667 70.49935546875 
221 T25_22.jpg 72.89516276041667 31.040667317708333 82.33621744791667 31.947740885416668 65.982685546875 31.063623046875 72.24044270833333 40.03798828125 69.20106770833333 40.45567057291667 78.04106119791666 74.83486979166666 
222 T25_23.jpg 34.448193359375 76.05684895833333 48.927587890625 59.38848958333333 34.885670572916666 62.82847005208333 52.19650065104167 54.868707682291664 40.358486328125 68.11314453125 61.911145833333336 53.605888671875 
223 T25_24.jpg 83.41974283854167 35.22762369791667 86.972021484375 42.10392578125 71.5883203125 34.24369791666667 79.76529622395833 39.59423828125 68.19111002604167 34.592027994791664 74.418095703125 48.61989583333333 
224 T25_25.jpg 70.97834309895833 39.931559244791664 93.20875651041666 25.06263671875 61.11048177083333 40.568642578125 85.44974609375 25.01927734375 57.497119140625 40.3634765625 77.72514973958333 23.29248046875 
225 T25_26.jpg 66.7941015625 50.43662109375 83.31537434895833 44.80945638020833 63.58162760416667 42.35159505208333 70.96936197916666 45.619931640625 64.25056640625 49.10015625 63.78803385416666 48.524235026041666 
226 T25_27.jpg 76.10141276041666 24.789938151041667 59.31109375 25.192080078125 69.17390625 59.63536783854167 62.891412760416664 32.43448567708333 67.50508138020834 90.81526041666666 71.626083984375 41.38228841145833 
227 T25_28.jpg 40.02861653645834 68.41245442708333 58.03939778645833 67.03262044270834 54.91514322916667 57.32837890625 53.30576497395833 56.64620442708333 63.114993489583334 57.04539388020833 50.17166666666667 56.40368489583334 
228 T25_29.jpg 63.66224609375 54.298382161458335 82.45619140625 25.05212890625 62.448675130208336 52.616100260416665 72.10734700520834 23.909661458333332 61.246357421875 53.784449869791665 66.912939453125 31.453623046875 
229 T25_30.jpg 70.46555338541667 36.63292643229167 95.35240234375 28.486604817708333 74.09194010416667 103.50955729166667 92.84490234375 49.939619140625 64.77560546875 109.555615234375 84.88260091145834 59.3357421875 
230 T25_31.jpg 73.70740885416667 31.248063151041666 92.60842122395833 27.963460286458332 66.59305338541667 30.450074869791667 79.88692708333333 28.700296223958333 61.47215169270833 38.977080078125 71.23753255208334 28.305458984375 
231 T25_32.jpg 41.63474934895833 81.35390625 65.36560221354166 54.59169596354167 37.99384765625 74.29208658854166 61.748522135416664 48.537174479166666 35.97634765625 67.34584635416667 58.14475260416667 43.560559895833336 
232 T25_33.jpg 71.817998046875 37.44081705729167 91.67468098958334 23.4988671875 65.36490559895833 38.36630859375 82.84892903645833 26.51447265625 61.451100260416666 39.9986328125 76.51958984375 26.162532552083334 
233 T25_34.jpg 84.28392252604166 32.84534505208333 91.91538411458333 34.29903645833333 74.98815104166667 32.99189453125 79.99998697916666 33.547366536458334 72.94161783854166 43.67786458333333 71.24392578125 36.03203125 
234 T25_35.jpg 69.18563802083334 25.427340494791668 71.75900390625 37.61265625 61.4224609375 38.720472005208336 61.201145833333335 33.925693359375 63.723935546875 70.16910807291667 64.00318684895834 37.49857096354167 
235 T25_36.jpg 27.5834375 60.453870442708336 57.025380859375 76.97631184895833 27.30623046875 60.651500651041665 57.131077473958335 68.35889322916667 39.474231770833335 58.11415364583333 66.64925130208333 72.63674479166667 
236 T25_37.jpg 46.14232421875 33.7480078125 83.078125 61.487360026041664 49.25671223958334 34.669283854166665 72.229169921875 56.268779296875 45.04583658854167 40.51055989583333 70.630966796875 61.5677734375 
237 T25_38.jpg 21.159166666666668 69.50696614583333 57.43957356770834 75.192255859375 38.404055989583334 68.82472005208334 51.68770833333333 66.99492513020833 63.19118489583333 66.99291015625 51.410361328125 66.79003580729167 
238 T25_39.jpg 27.687841796875 88.17384765625 53.356396484375 73.835771484375 49.79422200520833 71.26325846354166 48.55676106770834 61.35299153645833 86.35873372395834 72.082470703125 49.65223958333333 71.52038411458334 
239 T25_40.jpg 31.47009765625 87.73951822916666 30.654130859375 76.91516927083333 42.598294270833335 87.40419596354167 79.01181315104166 79.52875 52.56913736979167 82.71598958333334 89.968125 70.63163411458333 
